437 467 443 
485 755 548 598 651 686 748 
755 797 
797 965 
1235 1367 
1444 1619 
1783 1893 
1893 1992 1921 1963 
3470 3644 3597 3637 
3953 4070 
4113 4234 
4434 4481 
4571 4746 
5068 5558 
5560 5679 
6145 6201 6168 
6625 6946 6675 6711 
7233 7327 
7902 8121 8021 8062 8111 
9736 10239 
11127 11198 
12992 13568 
13631 13794 
14159 14256 
15763 16256 15903 
16619 16756 
19119 19375 
19979 20120 
20129 20235 
20386 20624 
21741 22002 
23057 23128 
23401 23780 
24507 24606 24558 
24616 24768 24672 
24803 24959 24841 24879 24925 
24977 25106 25023 25094 
25889 25975 
26202 26432 26276 26310 26342 
26436 26900 26443 26586 26900 
27055 27122 
27221 27370 
27860 28418 28260 
28862 28975 
29569 29848 
29854 29974 
29977 30125 30117 
30131 30229 30188 
30235 30837 30373 30431 30773 
31983 32198 32099 
32301 32420 32329 32409 
32478 32794 32502 32553 
33186 33625 
33696 33799 
33881 33976 
34144 34545 34366 
35607 35873 35683 35727 35765 
35879 36235 35969 36001 36052 36085 36121 
36847 37447 36908 36975 37117 37165 37379 
37452 37705 37461 37495 37527 37576 37626 37657 37705 
37712 37838 37715 
38753 38943 
39560 39912 
39940 40048 
40052 40585 40562 
40792 41453 
41494 41694 
42020 42683 42463 42630 42667 
43309 43381 
43881 44021 43923 
44029 44192 
44369 44471 44470 
