176 223 202 
232 332 
336 1324 1244 
1577 2111 1594 1639 1695 
2120 2186 
2195 2862 2285 2435 2533 2573 
2909 3519 3071 3106 3140 3302 
3649 4185 3851 3882 3939 3972 
4195 4328 
4351 4950 4365 4419 4479 4526 4571 4673 4720 4767 
5228 5740 5326 5360 5424 5471 5511 5573 5693 
5744 6685 6074 6157 6193 6267 6446 6480 6516 6597 6631 
7079 7383 
7389 7480 
7490 7931 7882 
7937 8000 7946 7988 
8006 8250 8015 8049 8096 8132 8184 8230 
8326 8695 8330 8411 8445 8498 8549 8608 8653 
8699 9689 8728 8764 8803 8838 8877 9054 9122 9180 9314 
9691 9739 9700 
10705 11268 10737 10883 
11276 11371 
11386 11892 11449 11490 11522 11707 11768 11799 11844 
11942 12058 12002 
12266 12595 12326 12367 
12598 13262 12702 12737 12771 12988 13039 13092 13144 13195 
13269 13890 13277 13320 13364 13406 13502 13597 13675 13775 
13913 14680 13938 14003 14166 14269 14306 14346 14378 14430 
16031 16103 
16933 17061 
18433 18833 18477 18512 18582 18658 18784 18830 
20053 20674 20161 20195 
20972 21048 
21280 21368 
22279 22496 
22633 22732 
23326 23368 
23777 23945 
24470 24546 
25444 25513 
26853 27907 27653 27695 27781 27826 
27915 28522 28137 28178 28217 28255 28295 28326 28414 28469 
28533 29411 28644 28686 28747 28797 28882 28923 28991 29076 29124 29189 
29700 30069 29963 30019 
31035 31878 31106 31158 31376 31415 31475 31520 31560 31609 31660 31753 31793 31849 
32762 32837 
33080 34192 33196 33230 33302 33511 33584 33650 33699 33758 33790 33863 33896 34140 
34215 34816 
34829 35345 34936 34978 35023 35068 
35389 35979 35842 35886 35969 
35988 36245 36023 36117 36165 36205 36244 
36251 36770 36262 36321 36353 36384 
37181 37385 37366 
37912 38080 37943 
39281 39490 39451 
39513 40140 39518 39593 39641 39757 39793 39833 39875 39912 39947 40033 40111 
40172 40282 40184 40249 
40757 40845 40797 40832 
41833 42586 42270 42332 42376 42414 42464 42534 42579 
43118 43404 
43413 43798 43552 43612 
44469 44547 
44895 45982 44920 45054 45095 45127 45237 45284 
45990 46323 46273 
46517 46597 
46709 48218 47010 47042 47109 47211 47493 47530 47745 47816 47882 
48246 48539 48292 48327 48384 48440 48483 48528 
48545 49276 48558 48605 48636 48675 48856 48918 48953 49021 49068 49105 49137 49196 49266 
49523 49584 
49597 49641 
49759 50227 49864 49920 49966 50010 50041 50090 50132 50196 
50231 51677 50252 50298 50362 50403 50435 50484 50528 50602 50647 50697 50937 50989 51109 51173 51220 51259 51294 
51699 51800 
51804 52902 
52918 53460 53023 53301 53355 53404 53437 
53464 54374 53488 53550 53947 54025 54087 54125 54175 54230 54335 
54410 55030 54425 54477 54509 54852 54887 54962 54999 
55039 56126 55157 55206 55245 55298 55331 55404 55466 55503 55597 55646 55689 55730 55811 55871 
59269 59370 
62889 63071 62972 63045 
63208 63273 
63675 63734 
64037 64328 
65607 65689 65611 65660 
66527 66806 
67301 67343 
67611 67826 67632 67691 67734 
68283 68343 
68599 69437 68714 68779 68820 68854 68921 69007 
69446 69632 69457 69496 
70187 71019 70202 70250 
71146 71449 71179 71214 71257 71291 71322 71375 71406 71446 
71578 72403 71881 71942 71978 72043 72089 72133 72179 
72785 72886 
73717 73763 
73856 73933 
74354 74429 
75145 75210 
75626 75867 
76435 76508 
77355 77403 
77639 77713 
77933 78010 
78354 78439 
78754 79032 78806 78865 78989 
79431 79493 
79971 80039 80007 
80115 80181 
80751 81453 80858 80898 80965 81012 81106 81142 81174 81260 81311 
81982 82050 
82065 82153 
82691 82776 
83059 83136 
83144 83941 83184 83228 83285 83346 83434 83468 83639 83728 83779 83859 83912 
83946 84363 83991 84050 84118 84229 84357 
84381 84970 84407 84503 84538 84662 84718 84778 84815 84918 84951 
86364 86458 
