3.7853298350107667 4.468189141637574 3.7967154111050343 4.212770334703045 7.369726161974396 4.455033416468765
3.7481880270062002 4.637377935534495 3.6893984666567867 3.9547464148101996 6.892737398043666 4.429984744920847
3.5440680443502752 4.249216361742624 3.246338485429575 4.11470548039559 6.508281247251078 4.233818736696288

2.301029995663981 1.6715857400655576 2.4228350652846276 3.275421703334165 5.604515340809711 3.349978471604035
3.690196080028514 3.635359341292135 2.869332159510421 3.9560556498093624 6.196345537367664 4.363938409377515
3.7481880270062002 4.055744752055492 3.1682484829010935 3.9005546427375255 7.3124209423216335 4.420242703484624
3.633468455579586 4.097737198571936 3.023583140999977 3.2090694185866853 6.424336704018568 4.309102263024211
3.8512583487190746 4.174016357423933 2.9342549440120185 3.7894899632153787 6.223167102679551 4.494122121827263

3.740362689494243 3.797933788349404 3.0474936878579983 3.7676196502608237 5.840247340166432 4.402301838306242
4.309630167425898 3.863638544053096 3.1657214171628736 3.608612681812874 5.897359281735471 4.906394936544371

3.518513939877887 3.7999124880741695 3.3883644844673655 4.068883565648314 6.7416498229715565 4.212209863556667
3.556302500767287 4.16681033645497 3.0595944170591705 4.066886544511584 6.2072699756070415 4.246924921799667
3.556302500767287 4.294198527753837 3.534479156332564 4.00827795183188 5.917451588536155 4.236288326685208
3.857332496431268 4.667685701408194 2.756147510953785 3.763909722019249 6.147598628984062 4.4965588590686965

3.977723605288847 3.8752289899138006 2.7191477217534445 3.5259990636525225 6.180216509858058 4.602812739510551

3.9190780923760737 3.6768449465897275 3.014831516732663 3.9582068516123647 5.893548895363915 4.551291292186172
4.139879086401236 4.938567230670824 3.931692420713756 3.9355586481461406 7.308997821887489 4.797867096014705
3.5682017240669945 4.622802487954509 3.372506515455313 4.069138476270562 6.712366295273489 4.256449888600672
3.5910646070264987 4.704645037623117 2.742097637143894 4.054922145066824 6.245152384833406 4.274595171259136
3.5682017240669945 4.645301311935311 3.432604559757402 3.0984836419456596 6.150943798099583 4.255627129795051
4.3979400086720375 5.32557248325692 3.2499985861798617 3.9665055559813225 6.089760647216038 4.994950212179648

3.1461280356782377 2.8234214163580913 2.5907116193264152 3.857759326618763 5.597036703109792 3.9196043989387355
3.6232492903979003 4.4598595272139825 3.723336381109696 4.026937871131143 7.244879716406033 4.355285211911026
3.5910646070264987 4.583835830547149 3.7946892385287936 3.72157885053436 6.352041171614193 4.341820121563828
3.812913356642855 4.755691198650845 3.7330165123927648 3.9135440100433128 6.627147208260287 4.505609820361804
3.5682017240669945 4.3864095391178415 3.3956230404854724 4.092877318796007 6.020527572185758 4.261296326320988
2.6989700043360183 3.6424724481818083 2.481603520557724 3.8726669287951068 5.946769795352857 3.5950194156782262

4.060697840353611 4.787030936781031 3.644632856030215 3.919271195104387 7.413038878591005 4.735002638180642
3.6720978579357166 4.553772634421891 3.2922655098626197 4.277937550261122 5.769616358021874 4.354875039523462

3.6232492903979003 4.390254632677268 3.8499134287525054 3.6260519775371747 6.564309982726151 4.356033062013589
3.7242758696007883 4.308650602727901 3.8789064970121374 3.7190354249392774 7.348718920720826 4.427339520460647
3.612783856719735 3.956132520016003 3.0602525421108724 4.019361966157569 5.645774811712722 4.301738695576584
4.113943352306836 4.628776631822697 3.471094454349328 3.7941058594819026 7.769706496394295 4.76398469821294
3.857332496431268 4.5739684127587585 3.4260556694605615 3.8200531042747756 6.924463825289001 4.5133096766234555
3.602059991327962 4.2523810618138045 3.3569926643544177 4.088280130419186 6.56349450954867 4.2976523851244846
3.431363764158987 4.31625973158869 2.8566884457377704 4.017722478646524 5.844596385835252 4.141888833107484

3.505149978319906 3.208884289754302 2.9659113450163517 3.891438249405537 5.274208928586423 4.204174579249749
3.9956351945975492 4.580089353719852 3.555969821823777 3.477198015820995 5.757463838910298 4.622928008698173
3.556302500767287 4.34639324762977 2.916194177580189 4.0971535633533795 5.978801009647799 4.239382941987992
3.518513939877887 4.239241069669921 3.45462930046114 3.498786746738199 6.0732109573816375 4.215536534818632
3.0413926851582245 3.786259385700512 2.8368355591259085 3.8610148307445886 6.105595021997991 3.8283579836004513

3.6532125137753435 3.031238783479214 2.3255884449023894 3.26686144287789 5.288396281008287 4.328672330963771

2.0 1.2596996770678972 2.3078414958387024 3.625859400635213 5.341742099665673 3.2289354226798808
3.7242758696007883 4.703085693354535 4.0493620174925065 3.748926670084291 7.284579050771812 4.4665881893620645
3.716003343634799 4.9696716197701605 3.138499413833224 4.127934396780632 5.752959956638477 4.521642905813285
3.633468455579586 4.82082427629477 3.620076382162913 3.3622515225416687 6.691539106225968 4.429381251098722
4.012837224705172 5.10835615086255 3.5014592354955933 3.8619177877314637 5.714996607876189 4.744488607018635
4.068185861746161 5.194414121221551 3.2142855746143533 4.014579408011835 6.097723268500228 4.791121322217046
3.397940008672037 4.615690170123644 3.0524466149779954 3.7608782782295545 6.072358775135418 4.2158036432352874

4.525044807036845 4.3517182491299815 2.8675062525034636 3.621255549867165 4.915090432047521 5.202527337388432
3.602059991327962 4.2249235052012075 3.5738501834042693 3.9559742862042655 6.922659123090778 4.360774702074875
3.0791812460476247 4.038450393016656 2.9442390656636888 4.095931763258585 6.353360456610204 3.909685426460891

3.0791812460476247 3.230284496285074 3.1913471769926227 4.165619566542423 6.1266096932044105 3.8533622349660734
3.9138138523837163 4.366413895599064 3.1916852777399196 3.894375674205817 6.323855705675321 4.549020904197653

4.326335860928751 3.9036857448484095 2.662799828328157 3.710451972120303 5.300362372650496 4.913435166924859
3.5910646070264987 3.687580993333834 3.53980976967927 3.3545866701930827 6.020188885427796 4.268834471890716
3.740362689494243 4.0920267647426805 2.7117582053260314 3.856501847007024 5.577667214629121 4.395304446536065

3.7481880270062002 3.4219168401155047 2.8736244320130346 3.893696613783523 5.73387516264908 4.399564263083369

4.281033367247727 3.935711401763491 2.72992397806123 3.8579930208000164 5.939640919711369 4.8713067359921505
3.5440680443502752 3.946354680670584 3.182277455110191 4.110370734501459 6.119519422323122 4.242174085212946
3.505149978319906 3.612119377185537 3.281099430891434 4.128376116076013 6.521521117334493 4.1974982023256855
3.5314789170422545 3.9041619579752327 3.4517935185443593 3.7174515252802927 6.405992026492931 4.226529499244011
3.505149978319906 3.9477653231239955 2.975641801619843 3.920028900221567 6.599551447102979 4.2079440908323225
3.518513939877887 4.259796690592083 3.608747370268572 3.325524249940039 6.590111380702771 4.217124901168591
4.0 4.972052503806543 3.9739276304178577 3.601101279810741 6.7702616134758795 4.631424214057998
3.447158031342219 4.6251312790093255 2.9651120322498197 3.8490442460086403 5.949112266315795 4.14378562528952

2.9030899869919433 3.126967865866912 3.035714882399396 4.3175362515311635 6.688975191213437 3.7317112353747706
3.9590413923210934 4.802801581594533 3.8219439735252636 3.5338751858956248 7.498495255819027 4.639005468950549
3.2304489213782737 4.202870521782787 2.9855047669583263 4.120452252268193 6.481512442263606 3.9652787950056427

3.4149733479708178 4.070515870360077 3.7299169422132237 4.046634017823847 7.013014422053943 4.128823896642148
4.045322978786657 4.746853897495924 4.037413530940021 4.134792375827546 7.174568992231406 4.680523336403752
3.7075701760979363 4.4399254682796645 3.6933999506646304 3.9592835260445414 7.539079473197342 4.390519830759659
3.2041199826559246 4.188772741279854 3.0241740012714122 3.894313901630747 6.242899122867534 3.9498300112107017

3.1461280356782377 3.290433326717274 3.2345067751838963 4.118183055469632 6.771231119056414 3.896971016621757
3.5440680443502752 4.028153798144929 3.1098411361284115 3.8358525457406127 5.947942523379307 4.232191466421739
2.602059991327962 3.4192420975806517 2.586956719462484 3.342219592283674 5.530477152688759 3.508911917325504

3.1461280356782377 2.987353615064201 2.6408163011953025 4.127972372887728 6.114514435578158 3.8919871495079637
3.5314789170422545 3.748660129405343 3.423025958530776 3.7762832468396925 6.36829795785106 4.214373012436936
2.7781512503836434 3.4859360646887123 2.649139600319789 3.5311069938148383 5.561232720753643 3.625280105425881

4.2479732663618055 4.0780432059055896 3.0144815415008153 3.652529572216316 5.561312883641633 4.841689063671566

4.3598354823398875 3.975902655967744 2.8295063726485608 3.7868456824233987 5.444971318086901 4.939861702716142
3.556302500767287 4.22647313120478 3.5996797566878254 3.479985055224543 6.6035200020998115 4.264363047850056
3.491361693834272 4.388604097061304 3.0893880663740694 4.081341189502349 5.955239908100472 4.235328622370562
3.929418925714293 4.720867768643734 2.9059212726643935 3.7197242834676807 5.5588986841026955 4.614021589272451

3.8808135922807914 3.094083812186668 2.397928192416733 3.223342622218737 4.790114620716393 4.571749018362575

4.4031205211758175 4.0416828461387455 2.664091446138967 2.862731647162308 5.185206497841272 5.037656818287901

4.305351369446623 3.612743190959232 2.6677290744867377 3.4837320393407745 5.656955849345987 4.952393789965027

2.477121254719662 1.854588078846322 2.4564779109921577 3.7719476269168295 5.842569929365766 3.486509301178853
3.505149978319906 3.8866854936512203 3.4490560921729108 3.423901592950297 6.191609259356546 4.267196036665407
3.9084850188786495 4.509398346986563 3.4538054510259926 3.855688765173522 7.3834738886339855 4.571544813910196
3.9493900066449124 3.6535157098469653 3.870611052213694 4.1366319792011215 6.378047110650949 4.638727091641866

3.380211241711606 3.107386056509258 3.3105244979238324 3.9920756374574284 6.537407683093413 4.196649932227704
3.5682017240669945 3.9122768059889226 3.084450966852736 4.2656367959570085 5.832274946901929 4.359015161996642

3.9684829485539352 4.6495663344357006 3.944361119197712 3.9438060204760346 6.260353199659928 4.709175917091302
3.5682017240669945 4.525801170604 2.865130874392019 4.041955966269089 5.743817772550819 4.367656046585557
3.755874855672491 4.721530082022106 3.059045759481802 3.8471626065835953 5.875937631313503 4.518638862795162

3.7323937598229686 3.1993370283371565 2.6650726782282317 2.921519118325288 4.787998113151685 4.496779033713403

3.7481880270062002 3.571003095644481 2.6123965938801743 3.8895160586379567 6.03072728060476 4.50618766937966
3.6532125137753435 3.9608020957573955 3.024057694682684 4.105658501529745 6.080049340304422 4.4384383995191765
3.812913356642855 4.171440650613061 3.4172289555277686 3.6345527215691473 6.71884015544873 4.560315767297317

4.012837224705172 3.670003460275322 2.629496630555364 3.1723803487418034 4.784555689790948 4.731765879415217

2.7781512503836434 2.990457354100234 3.2299968058067567 4.684525510597835 6.172522034168234 3.6297528743117087
3.681241237375587 4.21632246559465 3.5173809069832744 4.044995101032468 6.173301973179996 4.361485758675617
3.6232492903979003 4.206554234412325 3.4473866378349824 3.536597200147808 6.582968851870584 4.317051569996095
3.740362689494243 4.17787987604713 3.5197957170318785 3.966983965783434 6.591090078369909 4.4265047469235395
4.05307844348342 4.586232751796081 3.0013490911181475 4.024550472873098 6.208350425976956 4.694071482410065
4.029383777685209 4.685289681354955 3.130321040944934 3.9374033566436246 6.21225283720884 4.672061708685603

3.518513939877887 3.0443297696948637 3.0279017434987834 3.7571845384589326 5.82045178072747 4.227168996988131
3.57978359661681 3.7157388492668644 3.492027784092486 3.613387848760281 6.289830614113607 4.281549650235702
3.602059991327962 4.071004074537344 2.595439347582217 4.108674174561492 6.214559481871041 4.299730930050248
3.518513939877887 3.4878389795597116 3.6163628574944173 3.343495114131737 6.673865081533999 4.218753879276876
4.2405492482825995 4.286368079464811 3.7730052399378056 4.194358421821195 7.548979619672014 4.847956659699836

3.9242792860618816 4.576069537020737 3.737749370429556 4.343644864548397 7.3550208674527005 4.573013672855693
2.301029995663981 3.592191114297672 2.114831165293906 4.554731588504483 5.94814401655834 3.3322363179441195

3.5314789170422545 4.281623921728965 3.780716016826508 4.3485198010770665 7.598855213384863 4.239873004349181
3.8512583487190746 4.56938268986011 3.7001397720503197 4.158542392901801 7.300880959044233 4.52115843001991

3.278753600952829 3.5938667951699568 3.4002622827617057 4.170383701902058 6.365543329547914 4.041137554278826
3.6434526764861874 3.7635780245136203 3.660796170406614 4.190204979512025 7.0096702388497585 4.336467686576279

3.3617278360175926 3.688420548872733 3.3559799329142117 3.876041057095036 6.347116990473128 4.097900026871713
3.6720978579357166 3.9592461222945996 3.609103123890269 3.9104370012900582 6.855334062439987 4.36344435718266
3.556302500767287 4.131233425750263 3.1200749122767646 4.171136054835168 6.416525515073583 4.246665929314265
3.973127853599698 4.600578135933937 2.9421998595680052 3.7476347874809712 5.336363887092489 4.6215564167221475

2.7781512503836434 2.2963483786408885 2.5680066845051193 3.7375401901442196 5.5208265885118735 3.6480813366010607
3.5440680443502752 3.7356345309322694 2.949747913541989 4.057905779757714 5.802537691232368 4.248885663365826
3.9912260756924947 4.789516603517953 3.3459363408940517 4.0294641528185755 7.426804595780265 4.673439364767175
3.491361693834272 4.042305726259857 2.6339378474725947 4.031791539976525 6.2459146579548985 4.200111986343012
3.778151250383643 4.193712616568496 3.2635473242228925 4.013877673522127 6.542476956118272 4.4349236908481515
3.57978359661681 3.950517203634027 3.4303873029945726 3.9698544112624337 6.510387325379518 4.273724181014363
2.7781512503836434 3.5432705565468967 2.6085910398604466 3.785410610889523 5.9683297278962755 3.6406326644010787

3.3424226808222057 3.553153445236642 3.2909178995453017 4.1509728090371345 6.696267448495848 4.063663852218883
3.518513939877887 3.933791129907222 3.177251827201827 4.123641480849682 6.5163257322348676 4.214548475196123
3.505149978319906 3.424700688560182 3.210791494751076 3.6813583445921836 5.953533378694532 4.196551677785782

3.301029995663981 3.098371048661185 2.9240502209999626 3.7733772551034135 5.833175502437232 4.0238772125098485
3.5910646070264987 4.3149856835522 3.7672848584141856 3.732295798524195 6.917703397512367 4.299992070013271
3.633468455579586 4.331520755298228 3.76983703618331 3.857456206366551 7.430592554322053 4.33461974206961
3.633468455579586 3.735374481985628 3.1473354262705167 4.131733212493893 6.496537469225446 4.308859143764909
4.107209969647868 4.897434222441119 4.037929956427147 3.8925419104390846 6.414046792189259 4.722934298121601
3.1461280356782377 4.375723055118954 2.505639336871207 4.0781691737459544 5.787660547899474 3.906102871831867

2.8450980400142565 2.3184291406673 2.639920181777659 3.789887021214216 5.7266660278187 3.6682941622616565
3.8633228601204554 4.487462691515785 3.5670587047780833 3.91967927930606 6.871438601899212 4.50849669943324
3.690196080028514 4.464476922058238 3.1262599019595787 3.7772166235412934 6.174133236768317 4.35813648648088
3.662757831681574 4.638617444487642 3.5620498132926888 3.8757429980192604 6.538966447935473 4.346293819822195
3.255272505103306 4.380522383770007 2.7450908610116564 3.932382792379081 6.311467923497905 3.9994475405703023

2.8450980400142565 2.3232456942340667 2.636416409721477 3.6845785688371744 4.7637021447187955 3.6827661656789488
4.0 4.298737570524208 3.727655746437241 4.064328891019676 7.071455326176331 4.630115079077187
3.556302500767287 4.598345750468876 3.3329478870173466 3.9065933536861737 6.274166853705495 4.243962426559072

3.431363764158987 3.9302702670680647 3.583894744192991 3.772470413394231 6.825253492655988 4.1690192654828495
3.612783856719735 3.8691018338760848 3.6763239537273003 3.5115527873701318 7.222320953662421 4.3129957171735
3.633468455579586 3.8320160316960004 2.8591281824183747 3.971074723079322 6.60497022792549 4.3195907910066
3.505149978319906 3.9688582777643937 3.088569879988298 3.9068374238989025 6.117125122843432 4.209551425171776
3.662757831681574 4.178179639130469 2.5848026959197306 4.074721646567182 6.16849862818812 4.3511508947960404
3.5682017240669945 4.098718533018544 3.4387850618588005 4.048665233133813 7.0428355655989465 4.2508720515724505
3.397940008672037 3.9526180031111973 3.0346582341528574 4.290972295571563 6.554276745834842 4.107941242177199

2.602059991327962 2.2178161314725804 2.6782814668749046 3.900883081219543 5.973062840989497 3.5003256009853683
3.5910646070264987 3.3085733215353477 3.209322141391462 4.123589734298527 6.2908065908018855 4.265857126532299
4.089905111439397 4.208866514337171 3.1086487529873774 3.846264271589413 5.6707542400534425 4.700287897251653
3.869231719730976 3.688712697590024 2.454024637311702 3.8459912223482386 5.786180143328369 4.5083830480105425

3.505149978319906 3.368376102041888 2.9845705489720777 3.8895888634608453 5.748730419071137 4.194298811570461
3.505149978319906 4.071818328258268 3.3708922797507457 3.65427651165911 6.2044539532266425 4.206405104669673
3.778151250383643 4.493910179239807 3.73289566820176 3.937796285149431 7.030054375409886 4.471041821692271
3.8260748027008256 4.369798578667006 3.64594170979257 3.969369200041028 7.098567767378142 4.500109177665093
3.662757831681574 4.141218168823814 3.3939098652976503 4.024020617796628 6.856621186559815 4.354612016684825
3.886490725172482 4.390752466376907 2.64601475899341 3.5530641744566513 6.137818443919274 4.551168538960735

3.9030899869919433 3.9899967568711134 3.034870121034219 3.833556150732639 5.959952788410952 4.562498152495503
3.6232492903979003 4.181329696714187 3.2497211627951264 3.8721665597541475 6.12052558423114 4.298806165545429

4.033423755486949 4.022261305495089 3.1986027657143468 3.757128276907968 5.670985252645118 4.6518103033482365
3.556302500767287 4.070133835703809 3.4450460006904797 3.532129695693988 6.0352052189472465 4.238316315665389
4.181843587944773 4.750566922908741 2.876979368215269 4.069898757819075 6.3286957584495545 4.786974867634597
3.431363764158987 4.005117759148102 3.2329952510843047 3.6555165055846386 5.628278443274509 4.131416114500784

3.255272505103306 3.1487837396759906 3.1217384894283793 3.2484460152104018 5.701284329252867 3.991173943754655
4.326335860928751 4.426898807453756 3.230916635359956 3.7450650528923055 6.167897488421256 4.913887706393382

2.9542425094393248 2.7927449427370603 2.8860757217190884 3.687567618467442 6.150773613641636 3.753293722178032
3.5910646070264987 3.870551548850332 3.0905390233766066 4.1064155974707015 6.321725515802936 4.277586407802776
3.6232492903979003 3.517460640059307 3.072659908194788 4.055559619104159 7.121399135638744 4.296646756293582
3.491361693834272 3.4078412552444903 2.7726243746509596 4.154812363606593 5.3916672791845075 4.186538430036426
3.9395192526186182 4.109954919668832 2.613437521668668 4.081801829615008 6.156020926071935 4.572009973305721
2.8450980400142565 2.7217950351822298 2.8791756804732236 3.7342083358666835 5.568827916085195 3.6772699964428197

3.9030899869919433 3.8691095428780224 2.760027931737588 3.587544459184453 6.223274627676875 4.532469844944391
4.387389826338729 4.5425123052270875 2.976991749363905 3.7953041437927455 6.141281663715831 4.96208049415134

3.8325089127062357 3.260563702408858 2.703264309556174 3.39200634392301 5.096967172151803 4.489259191116317

3.176091259055681 2.539620686555243 2.8241463518003114 3.6872262266982463 4.991567771921526 3.918203956796511
3.5314789170422545 3.282448381896509 3.3026191787807138 4.0005410292119405 6.498351675998886 4.210271490527445
3.9542425094393248 3.958395222566 3.239361869498961 4.018988230734417 5.753057760549564 4.577617986940912

3.278753600952829 3.3297637841032457 3.3915989166641243 4.212285436473178 6.1005885927608565 4.00472717709087
4.305351369446623 4.667989070926619 3.3797722235156824 3.7486013018350786 6.046798855950138 4.896265167648308

3.7323937598229686 3.4425767204463225 3.1401599506939957 3.6309100819584375 5.091935606915526 4.388277825050206

3.8325089127062357 2.8092034618781287 2.1205854864432423 3.241386226595858 4.388434746608531 4.47563480293212

3.973127853599698 3.3366743225046327 2.3216980341051774 3.262371082034503 4.589251493383451 4.597120761064766

3.755874855672491 3.087987093421965 2.4531946903555686 3.465869454342461 4.878735561071137 4.408737753360221

3.7923916894982534 3.886111941330604 3.1836209906563417 3.8539894304020006 6.0926142017920215 4.444282924773778
3.5682017240669945 4.053890989229165 3.26095636627598 4.085997618532598 5.982694225091765 4.2585800703283025
2.602059991327962 3.3085363080618015 2.6462558229801934 3.799193905308456 5.994248965711224 3.5125263174818864

4.445604203273597 4.141779551071424 2.9976327517362713 3.655260923290346 6.022161706571623 5.016005427339744

4.346352974450638 4.331926556719247 3.2855856348726142 3.4435165518111646 5.470492694219791 4.929169836186553

3.505149978319906 3.6668832960578555 3.4912304326692207 3.823661345491559 6.258580131028317 4.194558372136933
4.0863598306747475 4.583076104691057 4.058660943726069 4.011178063508311 6.805462155806337 4.706503600816888
3.9684829485539352 4.971616516321339 2.972417604420365 3.8780821761226765 6.1649916346981275 4.595284554026622

3.7634279935629364 3.844817558087376 3.227401730047306 3.918732834041367 6.303919970784 4.4192421093936085

4.2455126678141495 4.2167315057374575 2.991878683248386 3.6471190475873 6.053015953449735 4.843121381809399
3.6720978579357166 3.857888521236048 2.827546397019575 4.099191223608365 6.2015108567562995 4.338526314397452
3.812913356642855 3.8025009629717132 2.4875676152794552 3.899928706679685 5.13867223708278 4.462387180776318

3.886490725172482 3.5647602513189396 2.8749574639336766 3.501081187943253 5.806073821734913 4.525165432614141

3.9242792860618816 4.539090150557862 3.8390704872722266 3.8566303366233257 6.6111600502330985 4.562586245053196
3.602059991327962 4.538923717130485 3.1736428774758783 3.8319049598123422 5.920862933568273 4.276981189082525

2.9030899869919433 2.4649769833392194 2.845630688040926 3.413542060381582 5.3772897393867485 3.7140154739887383
3.505149978319906 3.4280292576657487 2.660241791685412 4.0082000815266925 5.649769464211893 4.195849177004977

3.518513939877887 3.248246782417577 2.951440201600175 3.9635116507977806 6.052911075315167 4.206893956032957
3.770852011642144 3.953880883131751 2.5727568821176914 4.0255749240672 5.955118728825599 4.426843193215847
3.5314789170422545 3.7468695272022092 3.40303150767617 3.6702178882959644 6.199981729475296 4.221800843737335
3.505149978319906 4.14541014206525 3.173567357815157 3.763782004264396 5.973886399994169 4.211516205451284
3.3424226808222057 4.170870361806689 3.3768822275626458 4.387692853993668 6.615259493548657 4.089746312055147

3.6532125137753435 4.208517182244198 3.544202704623005 4.38068466803671 7.0685888149708465 4.371456893502433

3.5314789170422545 3.9518316029018234 3.454416023343779 3.9377182484875144 6.426201694588437 4.274864218942883
3.8061799739838866 4.501627974747826 2.965918325000918 3.948078573485678 5.772608135302114 4.521519277850615

2.7781512503836434 2.1656277376208255 2.609241010003212 3.715291575214681 5.484945285114682 3.6901906916677407
3.8260748027008256 3.951316622394968 2.973973246676153 4.036880712665731 6.051523787568492 4.533225200650928
3.5314789170422545 4.017563670623493 3.4463552243612092 3.390490955580939 6.185968046873492 4.296618655551299
3.886490725172482 4.6369838651594515 3.655210654451707 3.55939967741287 7.217072229510892 4.582096132685909
3.778151250383643 4.751348412398066 3.1272173436836836 4.030925338222897 6.046363043417706 4.473973496857453
2.477121254719662 3.717777002183136 2.553422017830315 3.329265091943205 4.879127798394001 3.473666040424215

3.2304489213782737 3.547362202949687 3.38558092440212 4.2462426665232496 5.660337039155157 4.050590936314298
3.8808135922807914 4.332040497092102 2.988052876847963 4.0780476342285255 5.783450439022318 4.607483977193168
2.6989700043360183 3.3432783257711733 2.801091773388661 3.9086650746416804 5.470103548866636 3.6508100405519888

3.9242792860618816 4.705888512246329 3.844208324970754 4.263940581957219 7.154799872724462 4.581244791395184
3.716003343634799 4.749596364008298 3.4408782397952833 4.0402094005397835 6.4603644358876275 4.370549649558536
3.57978359661681 4.6093465212274864 3.1603074383756136 4.054720784780486 6.19222547810401 4.257274457171137
4.832508912706236 5.765015109551329 3.057804119528278 3.6461181891815873 5.616707166505906 5.365274745442428

4.130333768495006 4.066975164383784 3.1463636671898714 3.941415516148191 6.515766704721397 4.741315795585541
3.633468455579586 3.8255529966379873 3.2621980298511204 4.085893649844556 6.776852556102307 4.30940969275613
2.8450980400142565 3.1003127838034197 2.7996982054060977 3.4138336400413247 5.812985738881288 3.6721435128399453

2.7781512503836434 2.4194733378902398 2.6727701700141973 3.8210813170278515 6.097379914716603 3.6323575259153094
3.662757831681574 3.900516827329559 2.971675564958371 4.120588861866396 6.125213544597454 4.34119200732793
3.740362689494243 3.888364257215536 3.370312915837281 3.9460123201636854 6.027933881151009 4.394704513435713
3.612783856719735 4.361527029648897 3.776843916149063 3.5584546083229496 6.879594082051054 4.324110420730711
3.612783856719735 4.614139377273769 3.1093503148393724 4.04086972545985 6.157467821000778 4.367714541243821
3.505149978319906 4.481184614283816 3.1787097123256247 4.097002008058544 6.801805922480945 4.267961695710762
3.5910646070264987 4.549931684185138 3.2375360970593063 3.559616737276352 5.84216452510092 4.344724785718223
3.6232492903979003 4.60643828046618 3.1050763997048842 3.7944418257169352 6.216349276261053 4.380609425024213
3.612783856719735 4.618787531055897 3.1471615095902377 3.9521924594712643 6.778937661950646 4.374071533286618
4.557507201905658 5.408081735044507 3.0490535245746604 4.016974520262086 6.111988540753287 5.198782147790236
4.1003705451175625 4.935543018320613 3.8305423216758476 3.2868131084556444 7.294639290170008 4.780867843561899
3.740362689494243 4.694093098794235 3.4772566614310283 3.971967766861013 6.198302719724454 4.435618731368248
3.1139433523068365 4.242976987087075 2.8832593456042614 3.506295164929872 5.378181438052992 3.9236617460406658

3.6232492903979003 4.03068235484839 3.411528813177723 4.347352244948225 6.708625724315197 4.365228594448348
3.5682017240669945 4.302161249753212 3.303499810999919 3.7911737993205694 6.7270547059361405 4.323065289181578
3.9444826721501687 4.66665276471492 2.8121919024747157 3.8921655486462328 6.201369941369893 4.645825882885105
3.7634279935629364 4.576330394462335 3.4886272177299635 3.833849012113383 7.33515430479089 4.499910348044854
3.9190780923760737 4.798012201038665 2.938275783932683 3.9285565624762144 6.157503950645568 4.614561428007843
3.9395192526186182 4.593594127741455 3.550704138592162 4.036329347662072 7.146512943013676 4.638722282282499
3.7481880270062002 4.408180572417891 2.9868069334421423 3.5532230286208892 6.347124740820914 4.455327826924953
3.602059991327962 4.278270850183773 3.3012031561116597 4.098496701803801 6.608363644902543 4.344879729287944
3.681241237375587 4.513298856221197 3.818221448234617 3.967126168868641 7.428412744362141 4.373422847337258
3.897627091290441 4.903371887153008 3.0466188551498363 3.992587283987147 6.376850225603661 4.530696747960848
3.491361693834272 4.447311921022911 3.209255396812763 4.1240334143114605 6.816605204884773 4.203748597724534
3.6720978579357166 4.664400452382134 3.5194779461007 3.6732646450367876 6.398148357083473 4.348557581874457
3.662757831681574 4.683107359639764 3.1357920626793097 4.115136219831698 5.881740800594225 4.335220422902074
3.8512583487190746 4.866891481991374 2.7216973755635703 3.7216687056570743 5.838560571017015 4.496415966427484

4.195899652409233 3.5684926316807126 2.961319675201879 3.895383313066423 6.115933730253712 4.797367135012931
3.770852011642144 4.058920147585964 3.008704657481191 4.009233530791272 6.067347301416589 4.427412883572783
3.6720978579357166 4.0048422867526545 3.1093556450809596 4.106177793326065 6.45346683607129 4.339822662305576
3.431363764158987 3.8572264383865633 3.2120778933385754 3.7824343099251165 5.186640963976537 4.133355631961884

4.693726948923646 4.728431564934195 2.5217019008088917 3.803137154907639 5.868683431711426 5.2418008397621625
3.770852011642144 4.583183237082327 3.926371195607647 3.8413465026886513 7.061834516886023 4.473582919979727
4.004321373782642 4.623458082167994 3.986695756316236 3.895475337510781 7.015818349223972 4.662874700829857
3.6232492903979003 3.9678307733434464 3.2908046078478046 4.1231458686660485 6.229275608713113 4.290192998174126
3.8195439355418683 3.9494044507011044 2.9641039650392633 3.9196436184338594 5.6842487435289595 4.463117153422465

3.716003343634799 3.6120401808762574 3.094172159095366 3.9921954966814703 5.999752738266801 4.375610970855754
3.755874855672491 4.515670256658875 3.7851539272887504 3.8113080016212226 6.715711843383526 4.438565063336886
3.6434526764861874 4.62944683042364 3.4063929680413065 4.0866276107461195 6.2060738349551245 4.3700278638163885
2.8450980400142565 3.8794466791134283 2.6838870129768218 3.469880923885703 5.423178333716997 3.7151466274873126

3.869231719730976 3.316943403638031 3.0260803892940595 3.482278711449847 5.546555620105596 4.553617638092549

3.977723605288847 3.6427335085206614 2.9432258143523695 3.773070791321062 5.175850054625634 4.650616105905299
4.243038048686294 4.696715113375067 3.2544153525901476 3.6940636886002722 5.840999170532501 4.906164660706171
3.491361693834272 4.293160594671715 3.029612803684391 4.145403472290344 5.864513774493582 4.270715356116345
4.110589710299248 4.96550785547803 3.9883644918672543 3.7561687803255075 7.051897946088967 4.784459394303703
3.1139433523068365 4.3989649637219985 2.8539496124082353 4.296114015421177 6.193451722641676 3.9456161934342058

3.8450980400142565 4.439245737020304 3.881726726100668 4.107836252436462 6.802947293602897 4.551789572530594

3.255272505103306 3.3933427425684783 3.359554101573315 3.951900404113246 6.542175495890669 4.0386324043603725
3.9242792860618816 4.533618240737459 3.725561675259656 4.10016750873619 6.453252357910172 4.627826416632492
4.012837224705172 4.993368131146294 3.7142428202155022 3.743596028125798 7.654159766644197 4.730871043172329
3.9190780923760737 4.9058310184508915 3.8155785102158895 3.5832006775536676 7.9850371887469915 4.6534063290687016
3.7323937598229686 4.483867291938366 3.7816543585329048 3.8000665968840246 7.648780096365428 4.46007830974548
3.690196080028514 4.632122827167476 3.8115085399583277 3.997024344697666 7.0992259371534985 4.391710371054866
3.8750612633916997 4.6426697182525425 3.369561196419997 4.071959001723021 6.514293415086808 4.528041328290023
3.5314789170422545 4.259359126935942 3.288642522611797 4.1215958481069475 6.759166611572286 4.224477164565633
3.8512583487190746 4.488409876014632 3.6725216974427513 3.796352765976589 6.676780996508162 4.512196621047298
3.380211241711606 4.294222789603086 3.044025503953309 4.280158928852051 6.194100236743735 4.114656397320231

2.602059991327962 2.0195182106305927 2.6303822308321445 3.7413540637755793 5.86579431346761 3.5096785409683044
3.57978359661681 3.454534786292933 2.9525965574347133 4.039509795489473 6.493438541983665 4.2649422089052225
3.5314789170422545 4.111354199796355 3.431461917090989 3.7318934769331533 6.292057646614835 4.255018305229387
3.9493900066449124 4.768159971490662 3.198565532222085 3.990847132690301 6.168423890635948 4.644180410305441
3.7853298350107667 5.026937323900607 4.105438069081359 3.9163275260969677 7.364245407261825 4.571612735497627
3.505149978319906 4.985187248138554 3.3077229156574814 3.47684712606593 6.158325325838157 4.39370807001203
3.57978359661681 4.978289610612376 3.6399549650149403 4.076765933331946 6.3047379520187095 4.430761478299372
4.068185861746161 5.243423162764814 3.938463049132058 4.0678370894775275 7.378900296481608 4.8078706293583595

3.9542425094393248 4.789095951763147 4.090835233472682 3.827893219857891 7.580717652721747 4.699149268417727
3.7481880270062002 4.8911819486412496 3.8371821288848857 4.015966913635149 7.226613602435414 4.56199366677
3.7242758696007883 4.704411579598115 3.1159244271824535 3.9451952352425788 6.773537838372312 4.515752599933304
3.7993405494535812 4.814066305596124 3.484064667112277 3.9448007554670856 7.204657581586552 4.575024278985937
3.690196080028514 4.687361547624785 3.672041309085352 3.897736850736657 7.1642231505350376 4.462027520124042
3.491361693834272 4.5089076452906145 3.391092909749607 4.000331916364479 5.771636226476753 4.246580802757572
3.6434526764861874 4.740858380928409 3.209564326633848 4.080766109408161 6.311820205232989 4.371847524665851
3.1139433523068365 4.285559740743028 3.015832424271721 3.120232732810551 5.475268998262642 3.92349290723682

3.0791812460476247 2.5513206436687876 2.858579034223821 3.8932104054689534 6.088237321014637 3.8946161329645466
3.755874855672491 4.432757967451622 3.8220003928332127 3.8421523439150134 6.121962635573598 4.4706227922299755

3.7481880270062002 4.203529652305955 3.7388202695226083 4.487841422927978 6.913654801753101 4.503125275316797

3.176091259055681 3.6000144493853035 3.4567897254641404 4.50246050116614 6.747754639045478 3.9592131882413133
3.9590413923210934 4.5986536936014195 3.904985856257374 3.9604995128554354 7.250695532961756 4.6508302769801055
3.6434526764861874 4.659837372382586 3.751459260443286 4.102566721784898 6.940830842104372 4.326658561637997
3.7481880270062002 4.800861383692825 3.194080943895397 3.7510802982000784 6.7481169895824715 4.415968307402162
4.127104798364807 5.165779345249457 3.138714251919843 4.076692569108046 7.310774167532904 4.7461894502387025

3.8450980400142565 2.3594504296979384 2.446006951345179 2.9874899861040447 5.152635990308254 4.485033807082235

4.07554696139253 3.423198203957109 2.4415502992849754 3.6498534251961128 5.209547417166012 4.688121319589968

3.7634279935629364 3.4075610690317424 2.4294295079498243 3.5386050999381777 5.043690597230611 4.413342592940653

3.7993405494535812 3.21116907572469 2.6685037942902263 3.4648210723672204 5.374813912277426 4.445999762540502

4.0253058652647695 3.582980279013089 2.7049148660397417 2.669130143157382 4.604942013970533 4.640498942861408

3.9084850188786495 3.346460831213866 2.8216798031485375 3.757215478646367 5.409472085875923 4.53866164020709
2.8450980400142565 2.9390503044151117 2.825460936908418 3.5893040231616427 5.454785987503787 3.6678013027880967

3.0791812460476247 2.8560183628897957 3.0211326987088505 3.602408120046476 5.562476982422902 3.843716862585408
4.133538908370217 4.2019701993182785 3.2401469087881716 4.463113568839173 6.505797820535519 4.736434282959794
3.518513939877887 3.6433155946116536 3.057976909551506 3.5640529142507473 5.803088403204532 4.203888292082423
3.89209460269048 3.777208875243433 2.8452899682197503 3.8785490367231152 5.971295215198082 4.526056001956601

3.5440680443502752 3.651601350004809 3.397087579460352 3.0674064923509925 5.342599205775956 4.223636886349011
3.4771212547196617 3.983450857030131 3.031248399499405 3.8452949660714806 5.867587631762343 4.164312739294779

3.5682017240669945 3.2524504808796415 2.7558340176139087 2.962993804413433 3.9020613857263915 4.242982652569127

3.8388490907372548 3.694817132773351 2.761895570665776 3.43724365490027 5.595878440510964 4.478746812575005

4.146128035678237 3.6869760922157866 2.499687287366359 3.7485557258412547 5.1952616381392875 4.749721029180268
3.57978359661681 3.5134382215143884 3.50698394651536 3.817776088325224 6.379894481956004 4.258138864208501

2.6989700043360183 2.3164428604432277 2.697332082986758 3.746360166248051 6.054144907866351 3.567525850406404
3.8388490907372548 4.010596314351481 3.020032062065902 3.5960302852995714 6.014834518058457 4.481478005464477

4.2405492482825995 4.141667201450073 3.020465365779884 3.9639522020366145 6.343371563136773 4.839326511354765
3.9395192526186182 4.132400993351463 2.8415063606542734 2.8465684510256715 6.260799740214154 4.567959035433191
3.6720978579357166 3.9916600257912926 2.8713406302135684 4.072896003271913 6.466734397757178 4.3312443428952125
3.8633228601204554 3.850897569107185 2.7419833533756206 4.0948227282235194 6.2006899788412 4.500648291395913
3.6232492903979003 3.9817557603223115 3.3667157528172744 3.4703017695830503 5.372382158119135 4.290438809264169

2.6989700043360183 2.0057220219134555 2.5669892115606956 3.680333124371065 5.49202867928727 3.5826907127474636
3.5314789170422545 3.85491226452844 3.29426834645827 4.20026505899959 6.63198212762682 4.245452906000685

3.0413926851582245 3.13954028675369 3.1024419963962773 3.9294191589728373 6.323506335367631 3.8522411973042283
3.8512583487190746 4.487464263494212 3.3906991586948028 4.096613613103454 7.122050313758953 4.522000900547467
2.477121254719662 3.3741851936350806 2.6017379969719796 3.7618548080192875 6.063421079861642 3.449202049995013

3.4771212547196617 3.806326554493919 3.3970018172409113 4.0819201095484745 6.610889741870582 4.208239074990565
3.7323937598229686 4.410878335666935 3.0090279039565404 3.6970395283655333 6.080032481187622 4.448460601838976
3.255272505103306 4.167949822043365 3.0143124469967515 3.8210965205057765 6.070721697456009 4.060191730604083

3.3617278360175926 3.248616424645952 2.9020044441905437 3.942965747470353 5.928758927820363 4.1609069442308995
3.5314789170422545 3.9906420613990004 2.887547106855635 4.091341865136469 6.610226625348758 4.310202164919604
3.740362689494243 4.110885809788816 3.5206793536671737 3.765159445539601 6.125672388247659 4.48640665278101
4.2405492482825995 5.148064887900863 4.058358973700779 3.915608172297291 6.918653047279697 4.906357442669761
3.716003343634799 4.815155809123115 3.239717650983894 4.079764734943759 6.832067773290341 4.484162406847393
3.812913356642855 4.972334783984148 3.64647430771536 3.738181778826028 6.35249676650431 4.578676089662093
3.380211241711606 4.687400132082092 3.269501287050866 4.435779035559327 6.483951814342958 4.228570139583565

3.4149733479708178 4.092796381108389 3.5974114609060774 4.286345417160554 6.85420590920861 4.2461903747344945
4.411619705963229 5.15011025783372 3.7622018413182516 3.6895163785341443 8.281757499064744 5.088854469299925
3.8325089127062357 4.9254724713709965 3.0916148218699413 3.948926638384909 6.352955556285514 4.52402045301851
3.7923916894982534 4.664291576835185 3.777329605800645 4.076123520094627 7.2955710787839285 4.526169919535925
4.204119982655924 5.190920968865119 4.246625040863022 3.992714424889315 7.253271404694061 4.85839961098846

3.3424226808222057 3.225103575018427 2.7572194647778363 4.052170628111297 6.014948505937253 4.078257326134764
3.322219294733919 3.81944666634367 3.0881333080174396 3.93042418891901 6.254124593857836 4.050020995187335

