3.869231719730976 4.3285603659074505 3.576478470361949 4.400527998062227 7.611050963229699 4.552863364376661
3.662757831681574 4.235822106937686 3.279958050498831 3.840932594736537 6.456868276250478 4.364508550249698

3.770852011642144 4.28169040248382 3.634676425283792 4.332113937769064 7.0026826982542785 4.4334413256449166
3.278753600952829 3.956519576785814 2.955126927099253 4.191448122137452 6.341030886661979 4.018288550998895

3.518513939877887 3.719810275121304 3.4156932964102857 4.000477561378053 6.631799143836831 4.212850022319823
3.9138138523837163 4.350827116708191 3.1390845263046474 3.9850168242591244 5.99029074144041 4.571259450607423
4.08278537031645 4.457457896964716 2.896391697962063 3.6488422558388156 5.333036740481399 4.714388968271335

3.278753600952829 2.9441288753696364 2.8426359684873126 3.831938949128451 5.474748879030738 4.02610505779834
4.6095944092252195 4.878129908546594 3.152146329761792 3.9538618516847888 5.683802654146591 5.200386745189869
2.9999999999999996 3.5505027864981984 3.112875513228572 4.137491427999197 6.305644929221331 3.814703738766387

3.681241237375587 3.4938507911530277 2.919987678681595 4.057405218207623 6.015489200181 4.3554963393088775
3.5682017240669945 3.7998097164738573 3.2521792504369285 4.000097050295365 6.411507649616066 4.248200999517493
3.518513939877887 4.007160778159775 2.810894704637644 4.140592343373865 6.088136806542943 4.206474867613562
4.184691430817598 5.020742994362916 2.9467379431396292 3.8847413988095587 7.864092322097078 4.863898868700858
3.6989700043360187 4.07294906621744 3.3490221128726607 4.1151652493642406 6.4286456364214395 4.367808328122289
4.250420002308894 4.686721828217041 3.1430605940186505 4.015771478750201 6.1434641358253055 4.841247730491976
3.8512583487190746 4.220869204675986 3.3454810599473315 4.066665599017101 6.908885768133238 4.502047298842345
3.612783856719735 4.011684237011824 3.412445875375208 4.143012067695593 6.483461467708726 4.287056487028593
3.5314789170422545 4.016948438712712 3.0910229448156765 4.156895146284172 6.3511899827106095 4.234211147088303

2.602059991327962 2.114132003320941 2.6200049276330444 3.744231369086085 6.067927812170154 3.5030311522544424
3.8808135922807914 3.9251459650849543 2.6147056754804496 3.872302668861748 6.109379433699904 4.521815265936915

3.8325089127062357 3.3883278219859716 2.5579158831133553 3.8888788438080732 5.620556835925971 4.4776502900784205
4.547774705387822 5.234475221108529 3.6926126987468133 3.8086263404100724 6.2023394548990805 5.159687648852158
3.716003343634799 4.726284832576214 2.918412103423919 4.063422905367869 5.7074112960152705 4.444907330634817
3.491361693834272 4.637008615419098 3.3195486657985005 3.9389806109767873 6.436998442806533 4.2716485632282675
3.8512583487190746 4.74962823849279 3.8087001973492236 3.9554573362777736 6.864257594555335 4.552267147761506
3.491361693834272 3.890915206165643 2.8697967109995997 3.350231898790573 6.185890073833633 4.193385515599261
3.6232492903979003 3.990752671055257 2.8712882880047537 4.114138896646866 6.134990038061525 4.297178996689071
3.755874855672491 4.100607217570519 3.5716322496955373 4.101050825857444 6.600632167572842 4.4285915511688865
3.982271233039568 4.305474379724024 3.720762580480794 3.810518342773027 6.512709645023356 4.621933560292371
2.9030899869919433 3.8323215974508393 2.6579419104560036 3.928382363384346 6.053146292813768 3.722807516170822

2.301029995663981 1.7066667366027224 2.439844094692967 3.407048349379683 5.686078741504352 3.3349042588099365
3.8325089127062357 4.177230652591908 2.9914931418194235 4.011343552355507 5.971061571008304 4.481989772245188

3.9867717342662448 3.5323091997228175 3.0015241749448074 3.3743226875278918 5.016320526757344 4.615366473119491

4.77451696572855 4.452304376871969 2.6870020714771874 3.8100033642950506 5.85940632371969 5.3202317766977485
4.01703333929878 3.7526107851387898 2.9303638299413874 3.989322750634242 6.202166878620288 4.642330849065445
3.633468455579586 3.660067206780413 3.3090894607734307 4.059669556943906 6.41691083224876 4.301121561734801
3.57978359661681 3.7979300403995087 2.0697976374087497 4.1428377878026055 5.6668866682264225 4.26278025452258
3.491361693834272 3.24152682765558 3.334019219880156 3.353943505634192 5.8329742818085 4.184902782169448
4.07554696139253 3.7850638857812475 3.04885443623488 4.092638450849473 5.942746677559369 4.692984482958667
4.161368002234974 5.02525017327791 3.435754828850987 4.124266419175296 7.793054360528309 4.820425808419123

4.315970345456917 5.432156525258156 3.9031109224926066 4.249252881171406 7.884525379112953 5.015598590405749
3.6720978579357166 4.702289592007019 3.879370623072025 4.2937130452839325 7.314579669657426 4.364761674912403

3.690196080028514 4.285838275439441 3.9028052938575737 3.900524281871713 6.221139089080986 4.352249606328164
3.612783856719735 4.537187861794069 3.2535571580597207 4.026124398701981 6.23143883014325 4.255303816661146
3.4623979978989556 4.391802102229286 3.02173112511037 4.087768009386805 6.30074349926705 4.127354034498185

4.113943352306836 5.107215140801188 4.0147193004281 4.103486877156004 7.400262945047411 4.77550530311721
3.716003343634799 4.83783172165436 3.484112325082797 3.674005832195088 6.25950995827679 4.446623298106324
3.518513939877887 4.604070327090042 3.168115084745038 4.1560212618183945 5.990167644139293 4.264880024713718
3.8325089127062357 4.947675674331113 3.6140280761765937 3.9213767524745045 6.5607995627874836 4.5493151980149245
3.8512583487190746 4.993378122345309 2.8408403812344667 4.0289583401858025 5.346361092620719 4.581216820406538
4.537819095073274 5.591095505041576 3.189308391613081 3.992289258459092 5.986205661362076 5.193908075143558
3.770852011642144 4.971728509923921 3.244903857774925 4.05162581729392 6.48670345451627 4.525870367861096
3.57978359661681 4.728466801079055 3.5592582001773967 3.6636889431772786 6.409890085740911 4.339350335541527
4.123851640967086 5.1626798038866895 3.3866641228113545 3.4317016671746665 5.491789255826311 4.801160443726069
3.6434526764861874 4.796586206126332 3.5677689531759635 3.57677480214656 6.22579599164515 4.3970524214636395
3.633468455579586 4.778867866280495 3.3863260240190103 3.9744204651006143 6.342092960961221 4.379534078469703
3.5314789170422545 4.7010201803942495 2.604873077110395 4.125243080148273 5.983176075004885 4.295291197975951
3.57978359661681 4.73774055625975 3.3838116890703724 3.827400389035044 6.229154293561139 4.3331253909742875
4.167317334748176 5.228239540354434 3.417548231392055 4.020922248270265 6.349113534202134 4.850225351509639
3.770852011642144 5.0064350318891435 3.730235187103597 3.9142965366005837 6.691150607215732 4.540398578885293
3.5910646070264987 4.964789013709722 2.994851481103772 4.061041183282501 5.797626259179648 4.4222247367637655
3.518513939877887 4.8996025636110545 2.9190668876646013 4.094483869145157 6.117622251833694 4.359837248894731
3.556302500767287 4.974624821836772 3.5547083562023225 3.3351196464050483 5.715372033685207 4.4071958713994555
3.740362689494243 5.14133853388533 3.677880256600877 4.08143182541362 6.443619372203494 4.568590758446828
3.681241237375587 5.038376477401239 2.802015690503126 4.058125177135913 6.155191606416147 4.495571781210856
3.602059991327962 4.989409029025798 3.4596824627887246 4.013043909752488 6.803782304292683 4.4302956750551115
3.9542425094393248 5.2530789599316705 3.8661298906739416 3.418283581440217 7.485402367756323 4.724873113689285
3.505149978319906 4.81302509258699 3.0585572075738776 3.617972955764529 6.245757507595853 4.314912230532769
3.9190780923760737 5.077824331434206 3.5012329295456066 3.98411371188352 6.5874394374681895 4.649231287641612
3.5910646070264987 4.873588339897026 3.198356844484861 3.996270479261532 6.114821351757298 4.386648659759553
3.681241237375587 4.940997705839111 3.56549244670666 4.3381789637656745 7.177129158436796 4.451489133770331

2.301029995663981 1.3267733605730117 2.413037841078309 3.848257397257942 6.13780549853008 3.4063457867423867
3.897627091290441 4.531250312030076 3.874481177033655 3.714872300071105 6.2024124362330495 4.6387970830718865
4.401400540781544 4.936542235326646 3.85064537101992 4.210987598384607 7.734549447521363 5.041690311364508

3.8260748027008256 4.577080758271242 3.98224249548968 4.574884539560079 7.620074708359904 4.501623333629643

3.7075701760979363 4.7004168290897255 4.009133430894807 4.330738349537858 7.504249329794884 4.382193895368113
3.662757831681574 4.761886877511913 3.5056093115070297 3.9972457796689245 6.4210052692776385 4.3554492080025895
4.307496037913213 5.220376152939428 4.0810062570557335 4.036482471949221 7.472292793576444 4.958747551150804
4.089905111439397 5.071164243213152 3.421906993369122 3.9158029282374804 7.714690017588164 4.745535309461875
4.07554696139253 5.102320997846853 3.3656758245138962 3.68360286991487 7.331552677792333 4.711940396270886
3.7853298350107667 4.851484811135068 3.8052485151649913 4.006055903873508 6.46186730375059 4.456148167878613
3.690196080028514 4.862761584640071 3.567650623601601 4.096384539232595 6.586381569600912 4.365891170231993
3.770852011642144 4.9346744319704055 3.843012348780804 4.370654954350616 6.799005174946649 4.433244078280526

3.7923916894982534 4.417674586321289 3.7850395655710343 4.213717855324674 7.320511915727463 4.44184120034926
3.612783856719735 4.536041542100355 3.5117208349366664 3.9968203185920936 6.742337068934267 4.297610054699812

4.1003705451175625 4.770247692680358 3.6742274844184037 4.218128804390262 7.208138851101704 4.722470200016403
3.612783856719735 4.500929146194187 3.1882744015252373 3.9558917724016998 6.259020385592866 4.287315938985105
3.1139433523068365 4.106233737149764 3.111301335381321 3.8127385846167043 6.1431852880118605 3.8802928176288227

3.3617278360175926 3.579787872664904 3.261272909635048 3.571207396882146 5.867957627466947 4.0872637301673445
3.716003343634799 4.038145336902652 3.4143166293972596 4.070972800236292 6.228109976222902 4.38608354107513
3.7323937598229686 4.109325343391759 3.314564787875499 4.107552358242245 5.577819074034305 4.3904863704885
4.158362492095249 4.379458380104229 2.8984906669261203 3.5533115307940597 5.323811435740398 4.768240275454405
3.6232492903979003 4.198652061970569 3.1339360968898133 3.975740562504349 5.264815569134959 4.317910876421629
4.453318340047037 4.631441830372501 3.205325679667135 3.9626863695682806 6.5462013183289285 5.0361706947622675
3.740362689494243 4.240819476529085 3.285768189149499 4.023242645376144 6.354061851719057 4.421008798267312
3.518513939877887 3.879019677265536 3.1102049786069217 3.9769741667904865 6.442147018408089 4.215815695308566
3.4623979978989556 3.8536563720381896 3.2723789577197633 3.7748558647995054 6.178611757695915 4.164265968891223

3.633468455579586 4.461860442692183 3.8870930742783982 3.87508347219229 7.048541260778933 4.376969316774143
4.0863598306747475 4.674929598854359 2.905180236518818 3.3847042821291957 7.877987311737252 4.753918142820091
3.7481880270062002 4.513061485423627 3.915565953854836 3.9756993469684696 7.606559896616338 4.4668345747678595
3.89209460269048 3.9311377259466136 3.1138355176117205 4.04929535029681 6.306939192444216 4.537966135245703
3.8260748027008256 4.206810818179139 3.7217364745639316 3.9081810750005554 6.747983031088935 4.502846318314998
3.5910646070264987 4.531622897522943 2.8497848169082745 3.490703080363005 6.220140209505993 4.353093792320538
3.612783856719735 4.684675363191516 3.5082926369020275 3.8158104156773405 6.360211023129297 4.396297179960465
3.5314789170422545 4.765579800701052 3.6798739303916665 3.8667934886879642 6.9874142399654255 4.360607239120777
3.5314789170422545 4.777317459198184 3.2065310363674984 4.066636755235128 6.709171476059558 4.3611630624507
3.57978359661681 4.896266721645635 3.6679878581738223 3.566349383328869 6.520355326334115 4.424574976842924
4.079181246047624 5.1653669926139525 4.100935750819377 3.283642093752996 7.836817058981123 4.818554675440711
3.716003343634799 4.045557902346019 3.3732443706520407 4.069845493012552 6.301192506385155 4.394039537648687
3.57978359661681 4.2123773221323235 3.619148688037226 3.991270716909869 6.99947944616172 4.279369037449549
3.633468455579586 4.426490489394194 3.476263137380088 3.9265846434850267 6.197615503586826 4.3280530858308826
3.6232492903979003 4.515519481727528 3.427777576343791 4.108752699814445 6.610853804238438 4.306337956775026
3.7481880270062002 4.652226218883343 3.439622395283412 4.105368150397726 6.865383637260534 4.416129332740126
4.113943352306836 4.763978081323064 3.1600163079711945 3.4799994119257933 6.223338020743023 4.733220511099843
3.6434526764861874 4.422399914430341 3.1300331089625093 4.081903240192364 5.786970390410243 4.3263555971184475
3.0791812460476247 3.9238460606082595 3.056924943043813 3.736749230704861 5.4581582424001525 3.8585201122481663

4.1003705451175625 4.421849558354054 3.40432256197426 3.5217539735210646 7.2529137152475815 4.726667489918138
3.57978359661681 3.9614313054633703 3.17509321121903 4.032154730033682 5.531772256286752 4.2724823304095665
4.445604203273597 4.5842799961655825 3.201472076373791 3.9821928033246063 5.6953983865977715 5.027817011002823
3.6989700043360187 4.481950218116812 3.575508047147035 3.632360547668946 6.2342672074008 4.3688756820087455
3.897627091290441 4.834780509816072 3.043355253256359 3.908916560968571 6.207075448827186 4.5355203824868076
3.6232492903979003 4.57902342250275 2.7893798462041355 3.691637143256042 6.076196674160449 4.297007230402576

2.9542425094393248 2.7445798670222206 2.886779457153173 3.673320493050459 5.883429436653752 3.747739100061035
3.716003343634799 3.336375036026359 3.2459739673665777 3.903915444860881 5.5175283294084325 4.373831744270507

4.064457989226918 3.9391615159152056 2.854658695534432 3.7840698272411357 5.516264698490979 4.679985442615987
4.20682587603185 4.659569332116753 3.297315343592564 3.230672815190655 7.333374843189763 4.830375843628806
3.8061799739838866 4.422403408579627 3.1075850284710924 3.9759998784144606 5.683876851055371 4.477142733178942
3.6532125137753435 4.021384863760022 3.3648383750413706 4.078880158973798 7.172854415631082 4.330845626363094
3.491361693834272 4.053833112021991 3.1942233264976823 4.104700187393507 6.785198074323571 4.211126940379947
3.556302500767287 3.769958604890977 3.5062157760411776 3.6985600537121375 6.2753976812625405 4.254140773322081
3.4771212547196617 3.694626299510949 3.2497677015584983 4.105859328828724 6.814421323923259 4.16848872044199

3.7634279935629364 3.590221760480592 2.9116879800419806 3.2496881790634187 5.2187705321887705 4.4165047609980785

2.9542425094393248 2.4325729868641055 2.6401703834298726 3.795786966037292 5.375367981464156 3.751191409770395
3.6532125137753435 4.120072871091937 3.4697099479613853 3.9599642559125874 6.618532486439176 4.329105754453561
4.30102999566398 4.87274259768341 3.884798840133013 3.9118764530464962 7.4852319935650335 4.904845372978177
3.602059991327962 4.5032617100470995 3.014791275036157 4.149836860775211 6.35150353377474 4.290548722747254

3.4771212547196617 3.955547412740674 3.621340997554852 4.071972627803881 6.678779811985068 4.172952776476267
3.5682017240669945 4.327723587326563 3.239006632884138 4.101360071291124 6.276868900338247 4.257530957629847
3.7993405494535812 4.388303446336624 3.149924200872054 3.6055292531383776 6.031978697545625 4.456515888877434
3.612783856719735 4.305940144619589 3.1047870293651454 4.114725204467214 6.448456150333866 4.296202447519982
3.662757831681574 4.333708868175937 3.191588663405419 4.045627635538395 6.178383707579236 4.340809109732443
3.7481880270062002 4.045628714337095 3.2696609447952927 4.087330076056205 6.892269523428384 4.404405150711481
3.7634279935629364 4.266769768934664 3.2759983294156805 4.065510895441595 6.518010959267916 4.421910562479014
3.8450980400142565 4.169339791967353 2.6607751867674145 3.621008186587138 6.474832321371831 4.4930084066450116

3.9138138523837163 3.5362871989333566 3.0010042063765012 3.864726584670693 5.827836115924406 4.550471132071648
3.886490725172482 4.05010131704119 3.6769249204019663 3.855677428789155 6.797014761398014 4.529851234553522
3.4771212547196617 4.152517626350547 3.2158916223349756 4.102547419243796 6.4081221340621175 4.1783504660718025

3.301029995663981 2.893289868920611 2.8768701958936664 3.97784936559896 5.921267842242298 4.025968061707124
3.556302500767287 3.9403532849758545 3.3476048430844085 3.9430510771262357 6.427395258035108 4.246303909479821
3.681241237375587 3.971311387898796 3.536972657760425 3.952818336178616 6.776019007928171 4.358175239186342
3.57978359661681 3.910441880971845 3.4738210600973822 4.06504905477013 5.512972373677103 4.270474277032991
3.322219294733919 3.985053505562955 3.0332837338335645 4.270310105128622 6.336436622122063 4.054298523006043

2.7781512503836434 2.5050091491482176 2.880815310588733 3.888702593053595 6.114197665965276 3.629425657102604
3.8260748027008256 4.368400302902833 3.6659606002153042 3.927460386977076 6.478415445894967 4.475596430306921
3.491361693834272 4.465274229276116 3.114307784696649 4.072543594879971 6.26627690456501 4.2009896763096295
3.869231719730976 4.695510446050014 3.4711362147003975 3.89633634315849 6.971119074143478 4.533955006143611
3.716003343634799 4.106741508148903 3.342229608639663 4.021313064193893 7.096260090483359 4.386025153050038
3.612783856719735 4.272739655438706 3.3788096862935855 3.7476918184093972 6.110698438040011 4.291269624064406
3.6989700043360187 4.4924781139822425 3.071101291154725 3.887996369169435 5.596094919618602 4.361766186978791

3.690196080028514 2.724181656236957 2.276602624382223 3.0877902856372588 4.59732445574322 4.352216382320625

3.977723605288847 3.1735272364736904 2.846004718752549 3.7792471121029902 4.869091593607647 4.6025007813669045
3.633468455579586 3.9292722681025003 3.5793790976550595 3.389704779754178 6.168327958998856 4.301731506237262
3.57978359661681 4.282098380295323 3.180914437479832 4.091941999434527 6.210684265594939 4.260894240500714

3.977723605288847 3.1919898418350625 2.5854766027027947 2.7898330038210077 4.174921699346369 4.601617907954462

2.9542425094393248 2.2429016235512043 2.4838082219270814 3.8946415514804933 5.083815359270865 3.7506081051510036
3.7242758696007883 4.58861167799221 3.8918340647317198 3.7457614113987576 6.771474942911181 4.439622894171914
3.602059991327962 4.7266230458337395 3.1727519492659164 4.076909690091061 6.426745268085551 4.376592994411628
4.029383777685209 5.037030763632558 2.926679233960206 4.0659505352803125 5.704234485547371 4.734108728209228
3.57978359661681 4.686899142505348 3.5141634190462687 3.545544398397188 6.179913618413181 4.343326023555625
3.740362689494243 4.871903033994384 3.112706136774309 4.029134163967998 6.129751094095111 4.483321448403967

4.426511261364575 3.837547624768215 2.4592010058526355 2.503428313401541 4.693431954217995 5.00106743559909

4.474216264076254 4.153162661048499 2.817739180225026 2.754344608064349 5.683209085083221 5.040801715424238

3.7242758696007883 3.870267644887431 2.4665633158273645 3.9816396658844644 5.734261759840316 4.388195771723857
3.278753600952829 3.3079215312452077 3.125350886784938 3.7246313230777703 6.093830980976934 4.00703099356222

3.0413926851582245 2.463076439082289 2.608604145458682 3.939503744209541 5.689418362403198 3.817836962308442
3.662757831681574 4.428447741774465 3.736198575234429 4.030339799543686 6.991383887423245 4.3764274131832295
4.170261715394957 5.04611889455692 2.31277623481982 3.829652962075474 6.304634376649817 4.842801605097485

4.238046103128795 3.835356902857886 2.7230499445685936 2.971088537914502 4.800932717663884 4.831721037225049

4.05307844348342 3.220936783252073 2.5070757831213566 3.1908505558417857 4.562418357179329 4.666935183797369

2.8450980400142565 2.5853231125780467 2.8464365730013608 3.7348095768711236 5.876552270679727 3.6663044216921574
3.963787827345555 3.888065100203742 2.4224334380035035 3.7707973644965698 5.907370306692856 4.590282909288697

3.5440680443502752 2.679304066417718 2.118436768586571 2.9768451024630895 4.361222982842604 4.224731308044514

3.8325089127062357 3.6535608670009196 3.2023012987359487 3.2343360348216783 5.253665335713525 4.4764334243405965

4.287801729930226 4.61097615404728 3.3654633887117162 3.7245655818411674 6.001379071440772 4.893834855089095
3.8512583487190746 4.5378976409822105 2.804563965801322 3.5453532978050166 6.1326498701837915 4.520842088318142
3.612783856719735 4.122884823724158 3.2376705666909027 3.9570844837776855 5.918161288835659 4.302749808537034
3.662757831681574 4.063122583199459 3.006906828065674 4.020706505992625 6.044988963867186 4.345435816185332

3.9590413923210934 4.028254420315844 3.282257003598881 3.5248911662654816 5.319652067317005 4.590723355638549

3.7634279935629364 3.3127483611005384 2.58718348060819 3.2876846491999245 5.226119290132175 4.416983691636859

4.021189299069937 3.3265964812125137 2.003098921034952 3.0841444391339476 4.66749059134252 4.639719100544288

3.8260748027008256 2.4001462262995528 1.5739537318477772 2.5400317904363545 4.085295017639443 4.468147835404374

3.7993405494535812 3.309387909483435 2.8905713810937868 3.7918903968716005 5.31768210230488 4.446205821777746
3.602059991327962 4.068913345336802 3.483481197357475 3.5937354224422853 6.175606507959568 4.2790723227902605
3.7323937598229686 4.21682503460751 3.1625115591588298 3.9408970423706102 6.184992222055105 4.390355107989015

3.857332496431268 3.068375402753947 2.934619380819167 3.8316917200469014 5.944934017360588 4.4948754936710476
3.690196080028514 4.078000644727761 3.6877010124149217 3.679716034760523 6.110928181714466 4.354723901182312

3.770852011642144 3.7726211940183743 3.127509119320404 3.435715854897998 5.418347856886463 4.417986682482329

3.8195439355418683 3.457981950875518 2.4683593887847532 3.315309578882055 4.322242448268483 4.462712731596757

3.7853298350107667 3.2739256861683588 2.654578541075649 3.2009660688563355 4.512680054523445 4.430561352244784

3.778151250383643 2.457539503088935 1.988541157277457 3.0885900326252447 3.620429238997345 4.423312757118482

2.602059991327962 2.0469582938451505 2.532794697005036 3.757750779726059 5.451485548552095 3.5042926302131185
3.7323937598229686 4.725815686325948 4.046307200043503 3.766948762451452 7.277595745562758 4.469613661328082
4.354108439147401 5.543403945808713 2.768896910775267 3.5583410198742853 6.12532413076791 5.081597862020279
3.612783856719735 4.962194487382217 3.476692752216719 3.420273031065549 6.5453577730283685 4.449646495904523
3.8750612633916997 5.189531553601801 3.594241210550055 4.081410251596276 6.95527927309112 4.674359285568255
3.7923916894982534 5.012204520333975 2.6377500614585436 4.155089822937763 6.026596077902612 4.571813895426328
3.897627091290441 5.220095528702017 3.320686639579593 3.9772548763949658 7.10314350330438 4.698540615265171
3.9030899869919433 5.219636439577768 3.065712371853343 3.222425610467853 7.28603742831696 4.702057997004503
3.6720978579357166 4.976748700784283 2.9715908132769777 3.49849820434599 6.528351665336971 4.490531854999258
3.602059991327962 4.8578940728717965 3.5770188717176974 3.3776442734900987 6.572046348196305 4.412006212201323
3.7481880270062002 4.903422305468475 3.0383076132452307 3.5995003729658954 5.846305170595975 4.514324293632066
3.89209460269048 4.893167743913919 3.629557944758091 4.12759750653445 6.694957033559621 4.608863694769663

3.7481880270062002 3.6887050068722163 2.792438112073351 3.550923064712286 5.341954388237228 4.4109802003367555

2.9030899869919433 2.516825269056108 2.838163589181422 3.4799435098808456 5.66917916548554 3.724130028909045
3.5682017240669945 3.792558312355463 2.8754184937323464 4.010426967846437 6.0625948531054865 4.25704227589413
3.0791812460476247 3.603855343556864 3.016041312075742 3.5704487096479167 5.833762940018211 3.8514240310242105

3.7634279935629364 3.338573226747429 2.8121700372566325 3.324835325743805 4.969076400160732 4.425013568218455

4.155336037465061 4.082791544658153 2.9707270048477037 3.767039313734318 5.6494527897289855 4.769636444522709
3.505149978319906 3.486745585791325 3.2763913091799965 3.6413692126330157 5.967102268484152 4.203427989430393
3.6989700043360187 3.768644058854835 3.3624707012571275 3.4135073470949613 5.343824100433123 4.367736658443069
3.9444826721501687 4.495468034319188 3.093491435235836 4.0657980766305775 5.797249504180725 4.578162504759198
3.8633228601204554 4.427506880214271 2.9767793884913107 3.8606870048636788 6.038937242803836 4.509890266909187

3.681241237375587 4.461994156717303 3.8378336825918953 3.7568063087900367 6.848645391194336 4.394930726563044
4.1172712956557636 5.108805766550742 3.168628514038325 3.8708676817260264 6.319414149331887 4.818755811043335

4.424881636631067 3.767552371429028 2.6287900652928315 3.8251850516984454 5.736970068671928 5.092545493014264
3.9395192526186182 4.6613577294909385 3.848270559221271 3.54687915430533 6.885101470918815 4.617067360619341
3.255272505103306 4.412225509818741 2.6591146542627855 4.007464096171757 5.879308415339667 3.9865790941867982

4.217483944213906 4.187207242514058 2.973703425769294 3.508907381997032 5.120187078985856 4.818993949834672

3.770852011642144 2.791040755235668 2.9541628898438836 3.673575191511769 5.663012445093672 4.425174036459859

3.5314789170422545 3.4823284547296613 2.7825107693191216 4.093421925120535 6.094951935779254 4.225398952060691
4.037426497940623 4.538852302573732 3.9113048689789105 3.8745734713139988 6.472282524164709 4.663528585172077

