3.5314789170422545 3.983625974732844 3.4952869542068625 4.061866396063924 6.704538389621015 4.230933542302553
3.9344984512435675 4.134621023623433 3.9523767116960085 4.0379889034955525 7.137323397381006 4.576948701727788
4.130333768495006 4.547195484370327 3.646642218288232 3.3069354352727895 7.301050845242305 4.763622639543106
2.6989700043360183 3.4818049434754696 2.2815338543022334 4.21260344653408 6.230752911558009 3.5781596606436628

4.021189299069937 3.7960081235838192 3.2223807315108997 3.8115093351112037 6.117135058407957 4.653560203144853
3.89209460269048 4.3619200151771205 3.190430076633959 4.103713261812195 6.099218241314008 4.53681407378664
3.602059991327962 3.9336325781133934 3.525210729385855 3.566819060316854 6.189727757888683 4.292408096523578
3.6232492903979003 3.9317535258392207 3.1954166823892978 3.758526360335111 6.515271256406709 4.3248496363138
3.5682017240669945 3.953303110796965 3.0486369367524873 4.142013341991645 6.396427151966489 4.281451318347182
3.9190780923760737 4.138188658549644 2.7059271450517954 4.094231352361777 6.158793123958773 4.571781044705323
3.57978359661681 4.1130439285525 3.2648153814759358 3.4663327978583554 5.848457422547153 4.299611249513246
3.602059991327962 4.491082454618954 3.3731561887570227 4.070691900129201 6.425434338710695 4.350235688936451
4.056904851336472 4.831440076461503 3.052714423820599 3.8998369783445987 6.716027707257423 4.73216419130684
4.61066016308988 5.331546752632685 2.38028481587715 3.747776348958991 5.6925398761386745 5.2303187678180025

3.57978359661681 3.258271495861475 2.879465763797776 3.8348657342695716 5.632156382125606 4.317378165151818
3.518513939877887 3.9391997386263666 3.2319508772088303 3.959573685182964 6.270092401134859 4.280868537506204
3.5910646070264987 4.1612529691530105 2.680408593680991 4.030625126965263 6.25210688297461 4.349318412292567
3.5682017240669945 4.216089600942874 3.080298228492719 3.967956323797077 6.168117932143719 4.333215732564347
3.57978359661681 4.363427779622768 3.0817621304070713 3.755213022770851 5.7886245873111895 4.351470713720784
3.8512583487190746 4.664940109638786 3.0413618265965745 3.7595405681141747 6.836213646917117 4.596278340389561
3.633468455579586 4.585591044298164 3.3349073493520893 4.025981384332492 6.7237027827714515 4.420214285009012
4.110589710299248 4.993115716800707 2.8612115506824964 3.893094150259362 6.3211045274952555 4.839501344337206
4.133538908370217 5.000492430551277 2.8917013911733953 3.956978171027881 6.088302872078074 4.85757947248893
3.8512583487190746 4.285035604338038 3.901546943026569 4.048560464097738 7.629557779322282 4.540079012574072
3.755874855672491 4.49757638256916 3.4850533512901003 4.075203538385642 6.535461291259539 4.427085208530129
4.204119982655924 4.897965003994696 2.987321433350484 4.09983884610057 6.302074475116515 4.813596701422679
3.556302500767287 4.319530031308493 3.540380118551612 3.4991242440463943 6.1371075187976585 4.254630986147071
3.4771212547196617 4.251700323328276 3.3772930971461004 4.459175174751768 6.941695660655545 4.1948458228398415

3.690196080028514 4.6742771506640395 3.991114040890501 4.443882550765009 7.658984587301931 4.452863117539231
3.5314789170422545 4.74472756709281 3.300736433905629 4.13495986790863 6.400798790644498 4.3637703408490065
4.0 5.072811139431685 3.411743461859118 3.594304986829497 6.079634297906116 4.752142094883704
3.6232492903979003 4.510190180205146 3.7572394890029766 3.8862705817897187 6.867890869072091 4.382130936838121
3.5314789170422545 3.8434815430433757 3.465230919251833 3.962796394419465 6.230569632732702 4.260930518736974
3.7993405494535812 4.3587655963629865 3.5968809209886015 3.988812976205457 6.741446457696051 4.507123595138025
3.662757831681574 4.544630896255861 2.985427952703052 4.131631604124532 6.1423540453286565 4.4188460118113975
3.690196080028514 4.290471640568473 3.538881485910614 3.945840763715228 6.661639932556219 4.415456932525942
3.662757831681574 4.320410964351602 3.0234462220440066 4.103961194498228 6.098645356553417 4.381623074316703
3.491361693834272 4.124489967159386 3.3313667961307973 3.8528795872339194 6.446142491461415 4.243045010397064
3.8388490907372548 4.351917458508636 3.036726040890217 3.9690971485225304 6.237791884212723 4.539859505200261
2.8450980400142565 3.675856741412611 2.7079679116447286 3.528149137399595 5.567637021814987 3.7369386576844037

3.380211241711606 3.616026836946589 3.2302330418202954 4.054036368252662 6.51476452909961 4.179267217606717
3.8388490907372548 4.324939761804919 3.0400249438897244 3.7658001125535963 6.147370416774214 4.578322264706718
3.755874855672491 4.540830390479615 3.857013637215533 4.072418030128773 7.6748978552449385 4.441771755203149
3.5682017240669945 4.540973468394423 2.914394638588097 4.14751803040903 5.904360080520723 4.26060743934365
3.9444826721501687 4.841482090142303 2.6115129279634086 3.5250375947228973 6.656719972980584 4.584841310404909
3.8260748027008256 4.531480144206068 3.7917977537977015 3.9803199178387416 6.826464670526058 4.511742951682136
3.9684829485539352 4.667532999572177 3.7469254846686386 3.7791937605922152 7.012859284713911 4.633984520742301
3.886490725172482 4.817283030398205 3.0196106451221567 3.7721510224475105 5.86872481439305 4.528452251450728

3.518513939877887 4.076917772678734 3.6079852083660415 3.8434120829449414 6.2286254017900955 4.249316852842226
3.518513939877887 4.332546781353274 2.8343297257657145 3.8424287576659335 5.783097612376135 4.270085455122962
3.7242758696007883 4.618926753247007 3.018604614795679 4.087829183880508 5.974953524465914 4.458463830545275
4.0 4.404437764693621 3.8171833128962196 3.7947464480519635 6.576049386677973 4.658768562402459
3.57978359661681 4.213424093480929 3.249947685402985 4.122121846529212 6.5077374098504315 4.2634418805263286
3.633468455579586 3.9245263209982415 2.617334898484157 4.147821496816523 6.237359839066623 4.317780522441287
3.8061799739838866 4.370859578605251 2.636672206068714 4.101114128440432 5.489652103201207 4.460593536660757
4.212187604403957 4.171494061820351 3.3318865299890703 3.7939404427532417 6.336439121834299 4.8176648605219805
3.740362689494243 4.051491470737097 2.9369473574761398 4.083532217965697 6.459287118034039 4.39986078631901
3.505149978319906 3.513343128190509 3.17213939931108 3.961656960610107 6.2399382946939586 4.2057857310930915
3.770852011642144 2.947487319530501 3.3787560438201827 3.125741560942684 5.954936405863772 4.436174560887511
3.491361693834272 3.4797647988505447 3.2078755298545167 4.035917074847031 6.44088486019783 4.196167806252358
3.6434526764861874 4.35962339435257 3.6521598544122136 3.6946874516291994 6.566282381336036 4.334020829648328
3.518513939877887 4.362387457618292 3.33037381647828 4.28977521037733 6.274868667059535 4.230418042232373

3.9956351945975492 3.5216276312831862 2.8230959189571214 3.0885921946224757 5.727443106675971 4.620422939304981

3.812913356642855 2.980278868665605 2.285534921614953 2.5384468423889004 4.525860509298164 4.461007445129768

3.9030899869919433 3.1231864110332137 2.3116554418655757 2.939057267136742 4.235900393885905 4.539130914197431

3.9684829485539352 3.714572911750034 2.9258535538274058 3.5081292449814243 5.4258113837878215 4.594762064248463

3.716003343634799 2.868569166359089 1.9230556756503827 2.760876622734627 4.3146036530548235 4.374816145780053

3.8325089127062357 3.628955283393767 3.2794643378325707 3.74389726712012 5.753579051251258 4.475336014701297

3.8388490907372548 3.825547222225183 2.9970763631730972 3.3848408175539806 5.362922551276355 4.479839694338274

3.9956351945975492 3.517722386530958 2.691322707248721 3.3729761855702565 4.794179728634643 4.616832584396134

3.9344984512435675 3.5819292711418034 2.823268201085407 3.0585037639077934 4.677009949271976 4.564098289563577

3.812913356642855 3.377643369211827 2.6632891584304255 2.3199129422269644 4.614925543547484 4.45677598685145

3.9242792860618816 3.5432451748565836 2.693729325964057 2.8702198947092583 4.286395061827169 4.553619823253551

3.9344984512435675 3.2878246477931343 2.5014832035895025 2.901984761588127 4.622815420613532 4.562232527406852

3.716003343634799 3.734814046204384 3.0939992097686515 3.9006543132073186 6.0982592098649775 4.371960313096425

3.8061799739838866 3.2510616975173026 2.389522862984718 3.252682009676308 4.764638949594543 4.451710814075089

3.7075701760979363 2.9489490640651264 2.1868235933741764 3.1721036528113835 5.00830727272249 4.365733498139842

4.049218022670181 4.0845679272813635 2.925176756700903 3.306664974978337 5.022600055996881 4.664511156695306

3.755874855672491 3.061521037470557 2.5627674575075146 3.3191557917536922 4.526081714641888 4.406081154997922

3.8388490907372548 2.790448888439862 2.495568910750633 2.8796441726723856 5.013502116067365 4.477800251909004

3.869231719730976 2.418715244991362 1.9669028447722743 2.447972369256042 4.407888438359114 4.504676248492884

3.857332496431268 3.0075779927166035 2.426453089328558 3.165911967238151 4.041518613123475 4.494251733388376

3.7853298350107667 3.820667986628021 3.2405389291667293 3.457864491057244 5.68097549778649 4.4371671321708765

3.6532125137753435 2.817996623352485 2.842602980462845 3.3488099664009305 5.272406652371455 4.316689763623159

3.9444826721501687 2.965639900195332 1.937413413149219 2.1155789075427927 4.7311874993489536 4.571800748515931

3.8750612633916997 3.1979195487513663 2.1405856048418666 2.8733635070463137 3.9058633227054327 4.509609070099555

4.287801729930226 4.033927884905932 2.7928284549690208 2.7203475300988074 4.946168062980986 4.874453202188825

3.0791812460476247 2.4249272412662077 2.556765620086553 3.9395536170687246 5.803702702482072 3.8450194566392657
3.690196080028514 4.581414775950328 3.909344230506901 3.6822166876002034 6.749513970538087 4.410821293112933
3.57978359661681 4.730604054326012 2.629790916507539 3.649743336941608 6.21507741633069 4.360077159309174
4.34439227368511 5.433924618036419 3.379435267476686 3.938198909139114 6.18900150386204 5.0413477955302834
3.5314789170422545 4.74181902724459 3.488919971642438 3.507743890801397 6.323928625968651 4.329529790615381
3.9190780923760737 5.086813079801499 2.942841852535127 4.028536658265624 5.384523803820466 4.659204882085267
4.619093330626742 5.637487491258463 3.450383943462118 3.817785349385715 5.781070506749059 5.27598371285063
3.6434526764861874 4.838243094377803 3.3676701477480027 3.621925986329115 5.971789687138171 4.428085389312605
3.5440680443502752 4.802835916726458 3.2013959902424283 4.115101777970434 6.63397063997931 4.359068504585549
3.681241237375587 4.884458967175249 3.6950052331307286 3.974943137834568 6.654371977286383 4.463351425167978
3.6532125137753435 4.877780118651713 3.1927265790308788 4.129110389775477 6.626446966902665 4.433818164453139
3.857332496431268 5.041617751256975 3.2059656493413757 3.525826305496836 6.674222221155889 4.612649965162179
3.662757831681574 4.858278819141943 3.4534256817826963 3.8223022930706607 6.4593324735659525 4.4411550913725275
3.491361693834272 4.670543913270566 3.125288642286885 4.127276419034603 6.395484322908211 4.284755992653703
3.57978359661681 4.785592672693194 3.4083370027570883 4.130215829371135 6.7825215544212165 4.373591965414542
3.8450980400142565 5.087863817904442 3.79688713894974 4.042531831920213 6.992522234293841 4.621004387136446
3.6989700043360187 4.9252515429505435 3.8765914967913466 3.971390629289682 7.0571887610860475 4.483811242291639
4.313867220369153 5.33883883081935 3.798457506425249 3.9159925688701565 7.554527320542549 4.9942016541816905
3.278753600952829 3.761024254917232 2.9567676208293254 4.008696035967179 5.978485204825428 4.014834877134738

3.2041199826559246 3.2228530072531214 3.1321592645493674 3.476968334744912 5.887037985402712 3.949448958526196
3.5682017240669945 3.8675515903284703 2.92890886434929 4.170986719424462 5.955872516864241 4.256355793708712

3.929418925714293 4.227251834734346 3.122400556455258 3.8426169390042477 6.44026157254051 4.568395069336561
3.7075701760979363 4.428510980750165 3.5590657175450096 3.581301086624105 6.0024036926637185 4.406544741409708
3.812913356642855 4.721619069982007 2.8578896420739524 3.9666224812042516 5.307470788168503 4.52581509520742
4.426511261364575 5.225436090174595 2.933917979788278 3.978231576729538 6.216830646272606 5.055889317126007
4.037426497940623 4.947629781171667 3.11262994413795 4.041045223870842 5.885174651826902 4.725217375009388
4.164352855784437 5.02627246961994 3.0172568833018825 4.051315707359713 6.461646706858944 4.826198010209934
3.9344984512435675 4.924433410545299 3.4676216155009296 4.072848899065871 6.651972338828484 4.647862465879282
3.5910646070264987 4.586725374522714 3.5930490627555947 3.950248822500501 6.831967210682238 4.337494037012195
3.505149978319906 4.504164661458261 3.4649071859013176 3.768911445264203 6.486564242357939 4.257944075771232
4.214843848047697 5.146277186130658 3.556510650795064 3.6642727355768057 7.638669860843018 4.880274033707869
4.0413926851582245 5.239364606062202 4.046790879672506 3.780322194224451 7.2497714809781755 4.7764981067248575
4.14921911265538 5.088372192149951 3.778675005331901 3.5555770986578135 8.086361191650159 4.810513326559812
3.8061799739838866 4.679700152209595 3.939122648361617 3.7287862978844104 7.685893485477595 4.483720295754164
3.8750612633916997 4.467014233661009 3.504144878498724 3.770128771909208 6.850948252231361 4.520363897260094
3.6532125137753435 4.489065391300121 3.0969322903390917 4.09955083737039 5.813661263310887 4.322146180456656
3.8260748027008256 4.548969682185105 2.7362909653210106 3.7854159150370337 6.020401751517247 4.468146914977487
3.612783856719735 4.195117375743338 3.2775802208401097 4.034158946642721 6.4940964100897585 4.285749059099082
3.690196080028514 4.325940195868855 3.4035316860794613 3.8623128026445492 5.882405441540122 4.355489272560961
3.556302500767287 4.477050949160476 3.9273273021928206 4.253165033277247 6.655383945498371 4.298895731296414

2.602059991327962 2.3778762206776816 2.760015245749751 4.222477228047201 5.463193965488854 3.6377042212832698
3.716003343634799 4.601216447312215 4.057284837447588 4.02062588718257 7.672632184778365 4.448198651916211
3.8450980400142565 5.002198206934261 3.060049033943834 4.188807415101041 5.850183102545038 4.497747502481549
3.770852011642144 4.825230258907239 3.8613942790909035 3.925420562020592 6.864114717619641 4.464882983440756
3.8260748027008256 4.665574727980881 2.924451597661815 3.62025168002083 5.038468120663826 4.563380426725045
3.6532125137753435 4.42701909175866 2.885467022502464 3.657068632937054 6.082447941827969 4.418127752917691
3.7634279935629364 4.534091064957092 3.537255626641553 4.06400169571999 5.791472909482201 4.508501114329116
3.755874855672491 4.839433063037562 3.6121098923338315 3.782787880369798 6.606875995873913 4.445299558130998
3.897627091290441 5.021086331554443 3.8326175320438116 4.081366905731057 7.000075504027425 4.554461319392492
4.429752280002408 5.397702731584064 2.978041502851134 3.7120976566391533 5.812410993733761 5.077677724861548

2.301029995663981 1.6123668483522169 2.3875868570091185 3.3057428980518706 5.268465621115122 3.4042344198996863
3.8388490907372548 4.674368668628839 3.843367875674148 3.9903432103863254 7.145056537308848 4.510769525486833
3.5910646070264987 4.6960977357817715 3.2676352711990173 4.091691420413628 6.41126624538648 4.265745659737128
3.505149978319906 4.534562186190137 2.981532968784583 4.085183414548838 6.1423071804435505 4.197704811362226
3.8633228601204554 4.930147620648831 3.181391305200419 4.0785815236993725 6.2600479200616395 4.49813579615357
3.5910646070264987 4.583431850571742 3.5482149871922006 3.548228028038367 6.341105182177815 4.284236358851063
4.029383777685209 4.83606723448214 2.8665340059882367 3.536335559664061 6.07488585328874 4.693987754175421
3.491361693834272 4.194676361115896 3.361792371673927 3.7592056753935927 6.281838729306113 4.243608749799306
4.367355921026018 4.989371681011776 3.2637085222530136 3.844149653423602 5.763376538014094 5.038706980116826
3.7323937598229686 4.584355827357659 2.7345083168375273 4.108722417016665 6.11823235785243 4.485477797173818
3.9138138523837163 4.563902997083227 3.280090446264523 4.074619705166799 6.453191941659143 4.640462780185495
3.929418925714293 4.512771707595515 3.624051551350881 3.253606792073276 7.268832684368695 4.62043421817362
3.7323937598229686 4.656430532236926 3.436860383981929 3.9148416406199162 6.706532709518571 4.397334593250654

3.812913356642855 3.2820442995316235 2.767048932866104 2.905392316265173 4.749404370162111 4.461048540968354

3.89209460269048 2.789259898865797 2.278920635912253 3.0351663598183465 4.524787982940166 4.525847998810492

3.7993405494535812 2.7503251861671427 1.9451604774830504 2.938867176888885 4.462131542904572 4.445866765000418

3.740362689494243 2.869665672415075 1.9849231709978348 3.171271635525004 4.626272734968408 4.392836280187175

3.770852011642144 2.8385838488202353 2.137853883437275 2.969356988344944 4.425576452435637 4.417798390813125

2.602059991327962 2.0218020498052094 2.469011151295093 3.847107671492145 5.6691235870315975 3.5029985152632412
3.7993405494535812 3.965426524605957 3.1099296558945713 3.730175492690023 6.3525279727770405 4.454225305199191
3.9190780923760737 4.309439002439918 3.203551088774102 3.806804798554216 6.223092421893085 4.569767767997949

3.2041199826559246 2.9428251227788826 2.8505727886571988 3.736364466991834 5.248308365482919 3.964613324940857
3.857332496431268 4.603641934153046 3.8161560119269256 3.941695698785043 6.8393329503638185 4.562236825810999
3.5910646070264987 4.698895856691588 3.424270144358601 4.063287738961908 6.5713926748432865 4.382898428029062
4.318063334962761 5.311553481018193 2.999567630218913 3.830134208563251 5.85884928684883 5.015592634499557
3.5314789170422545 4.592083671230011 2.384832759188538 4.10591602126696 6.219454028428799 4.320408501659148
3.973127853599698 5.054735760229098 3.2516047390266203 4.051618873488925 6.104914986117879 4.720098321933886
3.7853298350107667 4.8822683183184825 3.4876143029103237 3.6621778671611924 5.998489354739764 4.55575437398104
3.7075701760979363 4.82118916337909 3.4276395058624436 3.9180299322401746 6.296462915583569 4.487642803805276
3.5440680443502752 4.708141331268065 2.9192995082019113 3.9344176936626196 5.7286581976013835 4.348801427015633
3.755874855672491 4.965583934404547 3.6091658819152856 3.9370026924570674 6.8940681798026855 4.551162283144336
3.9956351945975492 5.1854612008772465 3.4370695657518713 2.9144970675076456 6.091556059133731 4.766593740737725
3.6434526764861874 4.785174429277441 3.742900390253125 3.826841427731535 7.303716147663968 4.435747301673065
3.7634279935629364 4.759548249889356 3.45212266427702 4.08617830221421 6.4744014168174395 4.5075845806639405
3.491361693834272 4.63465919969269 3.366421634826044 3.2648976916575716 5.94331723880894 4.292654933862344
3.612783856719735 4.85339691161415 3.4701500590990064 3.200505072301182 6.384274345836344 4.419712141052159
3.8260748027008256 5.087839646380793 3.5928481229657523 3.86537327710695 5.845342897789634 4.618640686245374
3.8260748027008256 5.002920099907886 3.5699333832744005 4.022254788748502 6.368519943440085 4.600620649703369
3.7075701760979363 4.7855375742406485 2.9184752616722758 4.094458655086751 5.982899564669442 4.477833064404603
3.929418925714293 4.931466934973713 3.197731960245814 3.5899669658001474 7.0516348807275815 4.664232359696725
3.7923916894982534 4.808702828915189 3.0307899675861343 3.6776570639566466 5.768520725852027 4.541397295048501
3.8061799739838866 4.8527564917249135 2.8839293897699827 3.670247413265191 5.7008199269702455 4.55931152903529
3.491361693834272 4.574741875074215 3.101047507173277 4.057528967134116 6.848379417347272 4.2891573274379375
3.5910646070264987 4.632742033679827 3.223273295416618 3.609867776721597 6.044837471566481 4.369208499826785

3.9138138523837163 4.1135318499585205 3.0600745712778323 3.9284978502154315 5.606357245030619 4.658512155431714
4.110589710299248 4.29712431076028 2.9958710835085993 3.9553071921621 6.193813678536499 4.831037614900386
3.633468455579586 4.139515847611838 3.192318279937416 4.065457846198872 6.310762225477975 4.421149275023954
3.7853298350107667 4.568164391079128 3.7653678290829538 4.037310240514821 7.3919913513983655 4.547215787610019
3.9493900066449124 4.736209097416936 3.915247478775384 3.4923052760082207 6.714676943870408 4.662417042375594
4.1003705451175625 4.790231601782009 3.4224143668801257 3.9529106439702755 7.46604523402069 4.767745356927247
3.7323937598229686 4.788270476544017 3.477570961118053 4.072335579097323 6.62997660563316 4.393486303795454
3.491361693834272 4.556842187388948 3.1520343888222295 4.091393024879095 6.112805183812278 4.193769599605909
3.7634279935629364 4.840693380729037 2.9836582688772832 3.9028580611411723 6.549559179668524 4.414487122784585
4.342422680822206 5.354985466884655 3.250224163833309 3.681861260227692 6.318757854984801 4.927792481031699

3.770852011642144 3.000496880258869 2.047248435449506 3.213610932308807 4.595733150112933 4.4208318910827415

3.9867717342662448 3.040927482087436 2.538131662384821 3.526961092018193 5.064563285585336 4.6082978158387995

3.755874855672491 2.9133656767318987 2.4242684816347673 3.3826458724011745 4.84837232773546 4.408117796545675

3.929418925714293 3.1187890771266287 2.2602969280144163 3.1221446532770374 4.886026048712269 4.558007163673445

3.1139433523068365 2.956014825205021 3.0259531668323216 3.601653671509236 5.990703870911065 3.877095011209073
4.14921911265538 4.055490993481512 2.9594603260612686 3.7032899070526115 6.492371990547434 4.75726359074873
3.505149978319906 3.881316735891963 3.302332805251209 3.7468949454920444 6.165058951477804 4.191282915942445
4.357934847000453 4.7256790795350865 2.749804617830268 3.9622280689490506 6.472440653932208 4.937799289367745
3.681241237375587 3.9746963015649746 3.1070355421193203 4.077022182432133 5.858014902806291 4.3419101920142875
3.5314789170422545 3.98549773174301 3.3737333551024298 3.7319535917758215 6.113270381932435 4.210246939978404
3.491361693834272 4.070990172910603 2.960054738140894 4.150711744133999 6.189160127167783 4.179133460015558
3.897627091290441 4.046793308329831 3.2666046025623103 4.026351271959351 6.047361611453261 4.535439518844017
3.612783856719735 4.357133917637294 3.5966846493256908 3.1817231383107347 5.958802453133652 4.33149616367014
3.770852011642144 4.828160221342508 3.684558702791963 3.5813595538786265 6.339091478035015 4.518677665693826
3.7323937598229686 4.972562427503833 3.3399926372597126 4.042300866052535 6.480672368424222 4.529575044907648
4.110589710299248 5.336304482250682 3.048069407452535 4.064589132357566 6.207317580577187 4.873836120945608
3.505149978319906 4.744401855820071 3.6540214486784577 3.9057000885814337 7.069596882427875 4.326622248365094
3.7075701760979363 4.842691515097697 2.809292527276127 4.1126539491381155 6.145445291344585 4.477850543140266
3.8750612633916997 5.024960651087198 3.027571252998409 3.593708445564015 5.571080048380302 4.634137017169384
3.633468455579586 4.843581998859252 2.9530118420092704 4.073931390669311 6.315191466686667 4.434303520879702
4.187520720836463 5.234949492552551 3.35791131007914 3.703816636241473 6.604507190157727 4.892908781143447

2.8450980400142565 2.535172173817569 2.7201753308470473 3.4744985154188948 5.629611861792722 3.777262487781892
3.681241237375587 3.9160373762680614 3.124613152563096 3.8221295558844095 5.951199033419916 4.45662030353009
3.491361693834272 4.161486570273261 3.42886270372218 4.1138176028857405 6.648515139799032 4.312149595671045
3.6720978579357166 4.1362073079847255 3.3922472841997333 3.984053795877762 6.656356053947787 4.454819463346758
3.7075701760979363 4.172900362644984 3.2552428587074256 4.008258413129775 5.900589507279362 4.4917124129007355
3.7323937598229686 4.196076087041352 3.271389857286445 4.027412222806236 6.86633595585758 4.514508780299013
3.8388490907372548 4.475009356882012 3.346553253205984 3.6462534288684227 7.3797012249476 4.609446311328269
3.612783856719735 4.350693449609424 3.607520267416263 4.105036931659169 6.658853478712792 4.414700018910671
3.812913356642855 4.156491412294267 2.949443935121688 4.115930885179042 5.779737540885077 4.5620898172587765
3.491361693834272 3.4957529764523767 3.276962804778457 4.0607475938298965 6.89263404668634 4.282299401535327
3.89209460269048 4.144543761331884 3.1712460546423755 4.061833104505305 6.585247744720588 4.620854277576408
3.8061799739838866 4.054963033564822 3.102189459594222 4.012468442103364 6.317127635547768 4.56232292240962
3.7075701760979363 4.4404366550245005 3.9096088522215977 4.064114567974335 7.617422849103667 4.433540828436955
3.8325089127062357 4.922719233829544 2.9604325377392797 4.149298147065647 6.44338732801979 4.478350288648088
3.5440680443502752 4.644608294180909 3.074140357871533 4.015138362633419 6.603685209994766 4.235996731816902
3.505149978319906 4.63487048186964 3.4114967276208197 3.6369402992372466 6.208832323704847 4.200124077087979
3.755874855672491 4.8760309068533285 3.021889693534799 3.978304215529073 6.419918337999392 4.4074596532200685
4.33041377334919 5.383528507246846 3.030448772616487 3.3760951925386458 6.525078983656323 4.916280595039782

3.755874855672491 3.0528937712971547 2.432714579417567 2.7876166894772254 4.517456544523911 4.405364907710801

4.232996110392154 3.970217347519304 3.0018388775771285 3.715423916115774 5.606313618642828 4.824605395933496

3.176091259055681 3.2074332331820887 3.090582727296172 3.7489965757053616 6.106985528173624 3.933462707298994
3.6232492903979003 3.8152362036735625 3.5476167366688776 4.094972728436911 7.1937467043081895 4.293014411675072
3.6720978579357166 4.160520576491251 3.2515309846183267 3.94243242480171 6.281832752814424 4.341846801350953
3.5910646070264987 4.135398630344743 3.4535725668477895 3.7993000422246115 6.362565337757916 4.2803502882126985

4.130333768495006 3.8175589578280813 2.8686827084510544 3.9622114108737705 5.622439386071207 4.739040364992561
3.9684829485539352 4.827361798476244 3.4786305074117703 3.89253464977726 7.4733538602490395 4.651943488682313
3.6989700043360187 4.601472778888777 3.725972194259136 4.05815474383797 6.852704429056055 4.416650445683088
3.6720978579357166 4.746892769316329 3.2476169203307914 5.109776146420094 6.538911794018352 4.425096219140136
3.5440680443502752 4.518915469186102 3.3023051143189353 3.420586686198574 6.115873235065978 4.294484753107562
3.57978359661681 4.567425596966846 3.4622131184857037 4.086277455830687 6.455440408689483 4.327118292246066
3.5440680443502752 4.603861592286907 3.3853451365289784 4.075009101329524 6.8628195060656205 4.303809686372645
4.0413926851582245 4.982044895443131 3.1939248933477153 4.0877948023959565 6.344405562335909 4.733333878611047
3.770852011642144 4.973846570893054 3.8596528991679464 3.9569533476229246 7.101846011980861 4.547326726591976
4.07554696139253 5.353822434346866 3.14943669069327 3.28390431955334 6.679718267706407 4.847091583625034
3.690196080028514 4.983814241384655 3.3022368655064662 3.7976006524827244 7.132829794103837 4.49646484217033
3.6434526764861874 4.920303464504648 2.878934805347128 3.556334353230549 7.124929392054911 4.448727597101801
4.252853030979893 5.460985261395257 2.8750986984503455 3.7838653257663895 6.284486915105275 4.9857385486725425

3.9867717342662448 3.6613423427886302 2.8676819067748496 5.214445839621971 6.347172147413933 4.7493676603451735
3.9590413923210934 4.020688624426791 2.81482216225897 3.846172479864346 7.7540329120181495 4.725067812784248
4.521138083704035 4.910574665426657 3.2961173076687746 3.7873345173964212 6.228041937097886 5.233107514797004
3.491361693834272 4.065642048394377 3.460890486772807 3.9338145805869993 6.850899129747924 4.337923697348736
3.602059991327962 4.075218696548015 2.894027692903578 4.134261853282859 6.084487882370447 4.426687185373723
3.7075701760979363 4.163501784715864 2.922158204108516 4.040250807407311 6.6088038513457645 4.5206333738173345
3.633468455579586 4.118193137832245 3.531558482235906 4.086862306418287 6.557461759332788 4.459771635277475
3.7075701760979363 4.353124578200126 3.563086847160707 3.9839483029623217 6.869714676034775 4.529887119466035
3.770852011642144 4.200255090352986 3.138499563407058 4.112480442630419 5.947839585164368 4.575781340972437
3.857332496431268 4.598001229098059 3.7984753083456164 3.8278369604633946 7.676383938218047 4.615269024860733
3.633468455579586 4.660266038928573 3.2124665082826036 4.120483732256668 6.307098764144857 4.379560117935984
3.6434526764861874 4.682814153078894 3.1263756990026237 3.690632809109589 6.068363485235936 4.391530407466254

3.770852011642144 4.3388450663984335 3.76916064534606 3.963207317452273 6.222131782141968 4.514389088816968

3.255272505103306 3.183659922798748 3.206891327247226 4.253351780327494 6.146857202438081 4.081907449278014
3.301029995663981 3.6698392714732226 3.0341212160068745 3.7946111567812038 5.996368414852466 4.126161636234135

3.681241237375587 3.3389939322847417 2.905284798452787 3.526315006423091 5.7481608361841525 4.447867256358077

3.857332496431268 3.7564227500225313 3.0616157084380275 3.332171809041944 5.55737607214293 4.602234700290791

4.372912002970106 4.6417153453811 3.310311338660315 3.7230459593937493 6.255073008543621 5.072571298421352
3.6532125137753435 4.308432555742737 3.214219145443525 4.0825638601183005 6.221552781782628 4.45352248417241
3.6434526764861874 4.3755703057203945 3.4777327916044256 3.989222783903051 6.751502363467318 4.435901021194305
3.556302500767287 4.433652406309107 3.0309247962068944 3.551278048038953 5.935647960120608 4.362486655380875
3.518513939877887 4.464503605913391 3.3256901939458507 4.000786581797684 6.504670373161749 4.337873575771752
3.7075701760979363 4.703588137915251 3.4770504666839677 3.44614091158866 5.967220537009311 4.497747345364709
3.5314789170422545 4.609891078552886 3.2410894171007887 3.6301540938520844 6.039993868159312 4.347600759558363
3.7634279935629364 4.82751342858007 3.355172314370172 4.097527389901903 6.810208768593536 4.536637947579861
3.518513939877887 4.51426257250925 3.250747889687143 3.969542240355577 6.010454323277046 4.334391426817862
3.5682017240669945 4.50746937787386 3.5073383939987224 3.8731880851286555 6.9581415938392945 4.36561116626576
4.029383777685209 4.839863965426139 2.5464558231467316 4.061983162152236 6.17442846698048 4.759661732539918
3.9493900066449124 4.836119559374794 3.158886006506294 3.9619841097309187 6.239082120690871 4.691274802873461
3.505149978319906 4.504241695438449 2.730882649194782 3.879551225119398 6.031461384763843 4.314778867690891

3.8750612633916997 3.0842885225444636 2.666768186319232 3.8556959437589367 5.552960356258989 4.635314153244349
3.491361693834272 3.8691830410290615 3.3174929283281034 3.9683689838631433 6.589621568820106 4.306874365934672
3.869231719730976 4.48451849928321 3.175344840969003 4.077021860627002 5.850839213302297 4.6427905063876205
3.505149978319906 4.225032119836585 3.6293446609876576 3.404580144237586 6.006445765865122 4.306199319142742
3.662757831681574 4.41751810760289 3.833113058953221 4.133054137697211 7.304866715736453 4.4474831355792475
3.612783856719735 4.380460432107531 3.772960256500188 4.04665753058932 7.201146405366128 4.41313770353863
3.6232492903979003 4.401360362050288 3.822595620919421 3.9582683699809276 7.415177554437117 4.424764500979169
3.7634279935629364 4.512616287783162 3.739598503980175 4.031349672597049 6.7779975828452 4.5578622933035655
3.7481880270062002 4.465843066980208 2.994953424620177 4.161347129649812 6.217836273310324 4.508583773326297
3.491361693834272 4.260766789080838 3.456618001644564 3.948200183218742 6.695436486567393 4.306313037430779
3.6232492903979003 4.3786581846361035 3.1139584628781596 4.099543724373299 5.839724154320554 4.426258763741662
3.6532125137753435 4.325713313035279 3.2012307634400274 3.884984083716879 5.874934913194301 4.433732482716983

3.6532125137753435 2.971789659984792 2.7879202313608777 3.7750905662466976 5.3528880998864095 4.43279547105494
4.287801729930226 4.431405902615312 2.629098348166395 3.964184119133124 6.225033610550201 4.9908395917035415
4.3598354823398875 4.5925733912013245 2.8924445819347553 4.059367572630244 6.436831236768824 5.046642503955091
3.6720978579357166 3.7249270785229673 2.9121609221541656 3.347027726346411 6.2399596162041355 4.448083524679228
4.184691430817598 4.2726780977211405 2.8121215445439485 3.7010649571775844 6.490271095636236 4.892826172036567
3.6720978579357166 4.123268636783949 3.284846369393352 4.054590223572798 6.737014250438675 4.448400643289692
3.7481880270062002 4.294455953572115 3.6020206109179522 4.02354143072682 6.766115835083972 4.520087966128977
3.491361693834272 3.832194106568748 3.5413098362011315 3.817317791779665 7.15005104297629 4.301937556632556
3.8195439355418683 4.214118693982277 2.6873051575648876 4.099606787592829 5.594642926037321 4.568850081640328
3.8260748027008256 4.784282785154643 3.928755571092543 4.004962228756868 7.745320625576775 4.50690541778912
3.8195439355418683 4.907733046779913 3.8485467992068987 3.8358633843151284 7.226113688559886 4.474801766514207
3.7242758696007883 4.822085007096724 3.762929137471524 3.9578186229115615 6.826876042397968 4.392351275822399
3.518513939877887 4.714380804493202 3.2394708446448925 4.112000429400926 6.6504017364903065 4.203242632621807
3.633468455579586 4.774457454921524 2.9391954411304786 4.10963794004455 5.99019705053121 4.311382949167819
3.740362689494243 4.891642756427432 3.2379039821294437 3.6274443071248954 5.765797811386307 4.396534891086631

3.7242758696007883 3.0559308523607145 1.9886536413526843 3.0099985648889938 4.031221411278616 4.3803516574550105

3.9542425094393248 3.3746332409821935 2.7536754357520836 3.5773082123791697 5.017403956632973 4.578616590228886

3.973127853599698 3.4520828828833428 3.073192334536925 3.8717635458853294 5.8898454295457245 4.595497394188355
4.170261715394957 4.475942265582988 3.23050658277753 3.762301062710712 5.8345435579651 4.773206882655955

3.0413926851582245 2.8789032945486444 2.76985181901469 3.8841472069631613 5.960637022986795 3.824622139565948
3.8260748027008256 4.4630930389724615 3.273994050947355 3.7153861386516964 6.401458717926926 4.4761463510188655

3.770852011642144 3.9052841887136087 2.8675243374858925 3.917186915903558 5.757876194324755 4.428170347322675

4.170261715394957 3.7536986655847047 2.902426632906843 3.83477007363095 5.935818600143809 4.776097168527861
3.740362689494243 4.1229527444274625 3.7590758732048526 3.5617466252297385 6.5508627211359824 4.399875542875748
3.491361693834272 4.25157660272562 2.9772096924732274 4.123488331921005 6.051821955638653 4.185684742635664
3.662757831681574 4.38720563672594 3.198810549540139 3.7309265474477766 5.568559325291427 4.333674553318388
3.8388490907372548 4.678785835777938 3.8203917098143196 3.696410194032876 6.594618268623073 4.485421806079778
3.7075701760979363 4.6290739700811 2.926192418560988 3.671442899355556 5.838888960909203 4.368018529561442
3.5440680443502752 4.559177316089752 3.4043246917852694 3.7198263981679096 6.262388687864011 4.229584058042831
3.5910646070264987 4.564009513669975 3.3912148920276195 4.05490739390958 6.716071644034644 4.264248707832052
3.6434526764861874 4.545506748659103 2.985179476948487 3.910023888160485 5.9761679284135 4.308252201828579

3.755874855672491 3.354069694898304 2.8331140945116617 3.570068458976657 5.588105820751476 4.409897515257626

