188.706964903238 373.79884976789117 -130.56453744949687 373.65648595872216 239.3046889328428 -89.85957067610819
327.33640101522707 413.6568630852676 244.94884389711856 534.7610825530223 397.66317228712404 57.4967656172723

423.8444906195857 445.0000395842785 440.98656380950547 319.046000638754 165.89105820714224 193.14320616974817
400.73331852324714 436.7676252249697 166.95639280967788 -126.23108595879266 -127.01336681306483 157.4004560005411
406.56020933564474 439.0924761651659 82.60310483358644 -242.03717172363875 84.4651341216028 162.44509407935308
365.0658241293739 426.7057515446507 236.30293178551867 -4.343487446801337 192.51896396635166 108.211877532414
422.2444564849416 445.7755334223001 357.6593300162774 -15.92069654626902 107.16879998865794 188.12803991875202
204.12203288596382 375.3014073451935 -142.01613192092358 398.44534338150675 225.88050823504932 -79.22415688860917

383.2979798087693 431.02671852836966 -57.27066064703279 -227.2501167655713 56.09164047291099 130.54467091715975

521.9274159207583 480.241410665917 153.67086195213287 174.840510899293 -0.14654265555145088 341.2003073400902

497.8112102390696 471.74804481620356 136.25513240934197 -322.6902800601374 -58.8794257745457 303.7292987727666

526.009615372784 482.23803679635154 188.6392262525336 -61.13421512199749 68.04313124307004 349.9249825695384

479.57905455967415 466.00378357924075 -822.3844229124362 143.81797649581392 -150.67265113411622 277.1454154187048

342.7514689979529 418.14778999173126 -458.37592908917753 419.2847665313729 267.118004810467 75.64078299648467
383.2979798087693 433.557175804086 196.3523695809519 -2.8178530919885256 182.5671122239938 136.84908819571496
346.26060097907987 420.6773880697619 256.012751195622 327.1934669656679 280.7245406647565 80.76151621468395

493.9497266262916 470.27274879485174 -0.03122978919144593 323.5842487436497 175.55323183304827 296.8895162016147
378.4189633918261 432.2023335684664 240.1176304397916 -119.81427329802304 123.80249765950964 138.2385430751741
204.12203288596382 382.02820025871006 -47.69556925538541 -84.2987599185314 119.54032062562483 -54.1542229213006

485.7484114602081 467.7433065361639 -78.03832240535876 59.097369390117585 -172.63129886805677 284.1071549676315

489.1100725401066 468.7423067513556 -261.6520243392149 -104.50286562227942 -81.56944393663254 289.6007573345563

394.54577815143836 435.7704998005434 -294.89356890916736 -304.14208274761074 -259.86876710934763 146.0166233302036

526.009615372784 481.752951345824 -129.6158905335365 -199.9014162989103 -110.2633703686174 347.5765773351627

628.9715570908998 519.3867558454001 213.8291826968959 -139.8404144030084 82.72961611649417 517.1908703574314

487.44336729158545 468.83563005033693 -25.48948858754575 16.610707251336372 11.032370907256542 286.5106361427026

323.08043957334746 411.9374392845851 -72.79290677518662 370.87531708288026 206.98146878009047 47.380349220083616
359.1817741270805 424.52037753501986 240.40665897746103 502.93816792995364 387.3930939113459 106.53107909118012

400.73331852324714 440.2833930694715 -41.47049684608227 292.09397432087735 185.8059779606366 176.47467967759712
367.8829118260435 429.59053039358406 182.09630442198122 -390.80866830998116 -46.26460344188176 134.40607243693103
555.4895693948483 495.9402017542473 138.27305984155052 105.34642426286598 61.53086983175549 424.1354068499768

463.86049620743285 463.00636563560084 -80.9499065191425 -22.018282509559413 -133.861712418977 272.8985410221231

487.44336729158545 468.08786735797446 9.235289606180839 293.9977867916156 192.97162301245862 289.06011786476313
380.88822465086326 430.1397738982524 139.03690749922794 -2.807534392849001 115.04023144241242 121.16965342336734
398.71304779149517 437.1560180060369 202.08978509831667 -9.625206382627946 159.55024403956887 156.82538600100744
239.78952727983707 386.71351704991423 101.57343327753732 504.86905280977237 373.82277908596353 -43.60012408507251

631.5900349904064 519.8602987813543 -146.69374377343635 -558.6014225638032 14.790285664017794 520.9062471481427

435.799005684564 450.080406428535 -171.5335971644647 -313.02502485075604 -42.146223956839876 205.9061714208432

645.1417840500217 525.0501479946623 139.7310738601037 100.3439699137929 54.00810917728223 544.1143106134504

518.9060380611087 479.5496173891965 -37.84672731966921 -207.33692268741856 27.380992516301085 335.07932435064356

467.0021158307708 460.4916361495943 33.66753771505678 76.90924881356803 -43.770785694723855 254.6765011803359

503.695260241363 473.34340387482825 -115.35161555752904 308.1889145085125 193.06033335474368 312.23295943212105
596.1778236737621 507.18515404752117 294.79627560190863 267.7178841162452 6.8994052989890395 462.13254888163453

501.529110563245 473.09385367790026 137.41910481465774 -187.5967393626476 78.92655037988548 308.40971837674016

564.0487624283887 495.3101336962719 -1.8660911358551358 95.32228310777599 -228.0915273931256 409.2814294384572

504.4070070182493 473.6362420928991 -57.72669733884829 -240.3780140318621 -13.368032528262127 313.9796004779448

475.8749273916392 463.2192672702006 -137.12906744699146 282.2154078139839 139.8612915229089 267.9682117162522

556.7580853475799 492.05531098829357 -223.11764614469882 -258.60011623556153 -95.65400594675653 396.8470825940943

565.9830587127019 495.61852661861934 -62.950787610786186 -521.7648610220971 -116.20472442223799 411.73663098957275

435.799005684564 449.1215948526158 -483.8733768135149 -685.9474744691695 -41.096151124433625 204.85115086913922

603.2846384886751 509.36158594157774 136.73456655644225 -769.8000270937442 108.30837926976034 473.4425460911688

402.7135812528651 434.7173659669966 -141.63475638911095 334.20357204499487 194.2955273617405 138.80853274527774
396.6511190712216 433.53564390654765 122.74948349022591 159.40072123979854 55.01982683300773 136.391955984667

412.06618705394743 441.35677898854306 316.2530343678234 -99.23829050966447 -10.925645864353225 171.45606263762875
465.9658371272161 461.37316867016807 401.60709753216855 291.4492385275214 281.8181494352009 260.5261983753014

373.2896339530711 428.7127605131137 208.65390464635274 20.14936225759868 33.08725301105725 118.76398079654547
373.2896339530711 429.4438386729919 114.69157503605554 -510.72681071562596 -36.36224348426283 118.06024426545592
392.395157629342 434.60320991773654 243.3974541475961 -229.36151638797554 17.01247740026382 140.8459994882681
362.1670704420486 423.0039642357746 43.58203402744195 263.65720171721694 159.31526349753014 100.43073885873338

392.395157629342 435.8533229033158 347.09121402119564 203.72168296068645 35.39260438922513 147.02513217776493
435.799005684564 451.100603507724 434.13815913528697 -87.9695604143374 265.14803704941727 210.80330363225013
258.0216829592325 391.8253112681889 -163.6871989661327 321.2873065824257 190.26035756826397 -22.11897635858993

454.9657476057833 455.74880748593404 -297.4646749133392 -196.91827379639747 -169.77442658263618 236.55721504202063

439.9375273008495 451.15858910626025 -103.92449411559159 331.9820565277304 214.498370798808 212.9804707557422
362.1670704420486 424.18693619202736 200.25728279361707 -348.78453197646235 -21.93042851821377 99.69354934053975
356.10460826040514 422.18015753304616 19.53810212789075 -486.1887784763418 -49.08572381470414 91.79187238843414
459.51198501345897 457.5423363583752 193.08362521992765 253.67761930376807 125.32725020945719 241.56014704221528

204.12203288596382 376.7782477927292 -159.81696625174385 458.96706641416625 262.17905336105514 -82.6844102550242
505.8154810064233 483.1008055225643 666.4149964817921 -114.27461415608214 402.2895188833696 370.2225021884848
584.4703165712579 514.1192452768564 716.9884155272531 156.73855258951184 337.34895449291884 511.70029088395063

430.00027991952913 448.47295173513066 134.67998097767523 -42.13947421091874 -63.64040472687867 198.30201831163882

509.92564857497837 475.06471136689123 211.35804279343066 289.90322831111814 96.80204377555516 322.7442845136161

608.6774726912307 510.499593699186 220.3914241162921 259.7460380840695 204.97580657639878 482.6414345365999
515.7905212831291 477.2741610134867 225.2835531574605 80.76128821806368 -102.36186708576649 330.9167420232069

482.26979985166656 465.42100594438705 88.80290808502421 114.00152730928217 106.56261136835053 277.99269020873993

572.652196162569 497.65753183601095 20.01256088786054 78.12049006115859 -248.79273459951654 422.831904616007

488.28019225863704 467.2541125286284 -167.18490505068382 -441.2845818724931 -54.94758981586245 286.3624152666655

503.695260241363 472.7969190492296 -57.76872931767629 309.61155935885006 166.06840271562288 310.94045044309377
217.4751721484161 379.847103096438 22.783520730792365 443.35844364057857 321.9684003813431 -66.1220926116483

413.8361447638875 447.2760947267547 373.50189781346444 406.8945256548691 316.323750457953 211.31158276967113
380.88822465086326 439.90629449225827 38.82444071329974 286.24742031439285 166.72752120118946 179.80946107884114

502.25638649615297 482.22828255652274 111.84205520507142 235.60300269935692 159.7460092918864 366.7523239157731
415.57531903507436 445.98935002466186 446.4182715550165 -757.4564463167684 327.92339140849924 206.67371043293033
593.012091686693 504.76309017911854 310.5349302977826 346.40166584379284 191.44517252640705 457.22886151444015
425.4193263163997 444.3676776094728 151.56737509697953 -36.66116482945148 -12.611627064980302 192.0924687987839

484.8900370910689 466.2917608434931 -327.96109534043063 378.76172119523466 170.16236456078235 280.8606634109019
469.04300299389143 461.65952828015156 76.96334507552879 333.6072682147852 116.1394933402214 255.35109179123165

342.7514689979529 417.6915254122699 226.60274988982238 365.40560145295535 280.7024997333274 71.88691821078919
447.7336814478207 453.90147689036866 170.68179038930103 -498.8036183783934 41.1062601496202 224.19894713106308
249.32054526026954 389.04731104071465 3.096810899481361 119.33496475115604 103.76811080482582 -40.63353424330488

327.33640101522707 412.74938364226415 -63.66486128369861 309.6706537787182 191.72081127815432 50.79284325827287
402.7135812528651 438.26916309260577 134.4282791470886 -87.41720215135659 117.86854456938904 154.58415254512602
558.010711329498 493.3957976936387 314.8935660203515 239.9159863378304 10.81647891481499 397.4871228203834

617.9809592879496 514.7561206183198 32.83225836638552 -257.9632005514959 -74.67070427783675 495.3637706732727

473.00391680339607 462.42831289471667 -164.11873832184003 -371.53292777767086 -119.06967135427517 259.8001955629202

464.91870714048656 459.6061555487305 -274.7975008260914 -443.7673953420221 -202.19240618573954 247.05409769453527

549.7987561676604 489.7980995479609 170.83724308811952 291.38367248207084 187.25977151070416 385.38117998423286
528.269598564508 479.73884671079963 215.08706704427726 149.26789595852048 75.920939103982 348.97584548242355

442.60435200906556 449.8045550520336 -0.1708750454763344 336.8021735708548 191.8620783334686 215.40429939225945
387.9499813722586 433.46362480924324 264.5688079484018 -463.30612309630527 -10.223674861621413 151.42202459086297
373.2896339530711 429.9204730341617 187.37772321670693 -5.916976488240409 7.4464760893421325 138.702294751504
477.74414069285444 465.58675614221335 64.15702852895357 243.70576993361786 133.06353884312486 291.8529386121172

459.51198501345897 460.06715512821506 1.1757925176770168 182.71582276093247 175.47286477262335 269.42389016245386
356.10460826040514 423.038637406709 233.64044206766286 -175.1226149843147 103.61347970169838 109.49517135459041
402.7135812528651 438.8075376370395 181.13096880545106 -5.700162192062793 -46.14438939041368 171.0035807237196
359.1817741270805 425.2144316095201 -163.71662889085292 -250.68048863103294 62.77033327060838 110.21979862108182
367.8829118260435 426.0752366848166 201.1858749321854 -1207.1608814072968 -16.654149161321293 115.27027159334241
483.15086281988204 464.16139922075297 131.09418019207743 312.5537291337327 -13.303532143533303 278.079869294374

420.6184043977636 442.5128394614113 -3.094514145878736 332.0724814104772 183.07689873876188 183.97621475070775
430.00027991952913 448.4127754482295 208.96594296280725 -276.1817130608227 39.35893072095056 211.97455388762828
505.11372374055856 475.0791796549057 289.9046857279556 -53.161568170512055 293.90827197530245 320.612623648484
396.6511190712216 435.60791466155615 188.19832152400522 -18.870310853643904 130.91326534533516 157.12559432337727
546.1286194826176 494.1738520191742 703.5745105697879 -310.8590684108451 357.84397145316456 426.2210936766009
431.48178849804316 446.85326142167474 370.8691663331617 -410.09344654913906 178.53516667968918 206.40875266931218

229.25347571405445 381.37803844112864 -95.22120059612064 222.58602673760421 188.6831922208142 -51.33586337327854
362.1670704420486 421.4304032898321 204.4103430238346 -44.63760823701953 181.25104013948592 99.19085225704471
356.10460826040514 419.84878326728835 238.89028527522044 -107.72586692328348 138.2132597685815 94.89655708982356
398.71304779149517 435.15427541325795 233.53223798452802 -172.3701997736899 83.53822751424464 159.60133826246644
400.73331852324714 435.72986614068185 125.76430169464712 -91.52243177699984 -11.689627718187252 154.5936443389125
352.9297384289471 419.91863993712 140.8566908464439 -67.10643311154786 94.98617623737883 85.90406789622061
396.6511190712216 435.1539721596711 163.05903903545595 -113.4342547673263 73.2737126154926 151.25958196126143

119.39224684724346 366.51957625570464 -71.45104794135537 213.50155178564577 178.35422538871157 -113.18181631515426
490.7494535176743 467.2667069056516 171.2053435643996 99.09457876185019 -16.012212523740747 291.1251566358899

534.2334251964811 482.77155881876797 -26.963101340048112 207.6053527936174 124.02315675900446 361.1602808730066

595.8941355402422 504.80952496129106 159.54799341192412 152.0713169975461 111.31144632781638 459.7082609443918

477.74414069285444 462.4544207531712 -8.452700610428753 -78.52454401041454 -102.37820446840875 269.3128093824635

632.9720905522696 518.2283919685179 370.9164975725334 235.2561608594406 210.38465940862818 521.6553948338274
323.08043957334746 408.23114287553926 131.6207700263258 343.77400447321054 -47.74739503804581 41.58505567392494

658.9064019656012 527.6706599262841 203.98423478781163 -109.288567133685 70.64817973013716 563.977134155183

539.3627546352362 485.99673928291764 -27.463993033278317 -20.794662818878194 56.33270616876255 366.054170473381

618.8879949849461 514.5903114721258 153.87097192890212 261.42015829718855 197.51542872153226 497.86660948475514
521.330399222108 479.29848591828426 516.9644194903096 -561.1649844066625 244.93049545921122 349.26554464108716
370.622809244855 424.30720984944924 80.88380334076479 -237.43711779765073 34.41167403681871 111.33269051442952
286.78989020441065 396.9786240088557 -46.57568847098021 307.7026081683587 164.25446970803577 0.011388079721000676

437.19762988203803 448.4956859546702 -58.115609870325244 -43.40458044268229 -203.68216308621152 207.18138079739617

383.2979798087693 432.4167435457202 394.736296927981 441.82226733811774 134.96527757517634 151.26865695546192
468.0277658474897 464.87209195411714 -133.5986611958306 425.57366081150246 168.63554544609022 296.11087277148476

518.9060380611087 483.75351135399285 148.3046541200112 -502.5836539366591 38.619028818964736 379.491293367078

471.04306966455846 467.94011274413856 -108.78194724487228 326.5596827073463 177.55346420114915 309.19522126678675
9.531017980432493 466.4751430457751 293.7966234397056 723.6356140337646 434.53096962971136 302.9344594690727

