0 3690
0 3691
0 3692
0 3693
0 3694
0 3695
0 3696
0 3697
0 3698
0 3699
0 3700
0 3701
0 3702
0 3703
0 3704
0 2702
0 2703
0 2704
0 2705
0 2706
0 2707
0 2708
0 2709
0 2710
0 2711
0 2712
0 2713
0 2714
0 2715
0 2716
0 2717
0 2718
0 2719
0 2720
0 2721
0 2722
0 2723
0 2724
0 2725
0 2726
0 2727
0 2728
0 2729
0 2730
0 2731
0 2732
0 2733
0 2734
0 2735
0 1412
0 1413
0 1414
0 1415
0 1416
0 1417
0 1418
0 1419
0 1420
0 1421
0 1422
0 1423
0 1424
0 1425
0 1426
0 1427
0 1428
0 1429
0 1430
0 1431
0 1432
0 1433
0 1434
0 1435
0 1436
0 1437
0 1438
0 1439
0 1440
0 1441
0 1423
0 1424
0 1425
0 1426
0 1427
0 1428
0 1429
0 1430
0 1431
0 1432
0 1433
0 1434
0 1435
0 1436
0 1437
0 1438
0 1439
0 1440
0 1441
0 3695
0 3696
0 3697
0 3698
0 3699
0 3700
0 3701
0 3702
0 3703
0 3704
0 2702
0 2703
0 2704
0 2705
0 2706
0 2707
0 2708
0 2709
0 2710
0 2711
0 2712
0 2713
0 2714
0 2715
0 2716
0 2717
0 2718
0 2719
0 2720
0 2721
0 2722
0 2723
0 2724
0 2725
0 2726
0 2727
0 2728
0 2729
0 2730
0 2731
0 2732
0 2733
0 2734
0 2735
0 1412
0 1413
0 1414
0 1415
0 1416
0 1417
0 1418
0 1419
0 1420
0 1421
0 1422
0 1423
0 1424
0 1425
0 1426
0 1427
0 1428
0 1429
0 1430
0 1431
0 1432
0 1433
0 1434
0 1435
0 1436
0 1437
0 1438
0 1439
0 1440
0 1441
0 1425
0 1426
0 1427
0 1428
0 1429
0 1430
0 1431
0 1432
0 1433
0 1434
0 1435
0 1436
0 1437
0 1438
0 1439
0 1440
0 1441
0 3538
0 3539
0 1412
0 1413
0 1414
0 1415
0 1416
0 1417
0 1418
0 1419
0 1420
0 1421
0 1422
0 1423
0 1424
0 1425
0 1426
0 1427
0 1428
0 1429
0 1430
0 1431
0 1432
0 1433
0 1434
0 1435
0 1436
0 1437
0 1438
0 1439
0 1440
0 1441
0 308
0 309
0 310
0 311
0 312
0 313
0 314
0 315
0 9113
0 9114
0 9115
0 9116
0 9117
0 9118
0 9119
0 9120
0 9121
0 9122
0 9123
0 9124
0 9125
0 9126
0 9127
0 9128
0 9129
0 9130
0 9131
0 9132
0 9133
0 9134
0 9135
0 9136
0 9137
0 9138
0 9139
0 9140
0 9141
0 9142
0 9143
0 9144
0 9145
0 9146
0 9147
0 9148
0 8672
0 8673
0 8674
0 8675
0 8676
0 8677
0 8678
0 8679
0 8680
0 8681
0 8682
0 8683
0 8684
0 8685
0 8686
0 8687
0 8688
0 8689
0 8690
0 8691
0 8692
0 8693
0 8694
0 8695
0 8696
0 8697
0 8698
0 8699
0 8700
0 8701
0 8702
0 8703
0 8704
0 8192
0 8193
0 8194
0 8195
0 8196
0 8197
0 8198
0 8199
0 8200
0 8201
0 8202
0 8203
0 8204
0 8205
0 8206
0 8207
0 8208
0 8209
0 8210
0 8211
0 8212
0 8213
0 8214
0 8215
0 8216
0 8217
0 8218
0 8219
0 8220
0 8221
0 8222
0 8223
0 8224
0 6568
0 6569
0 6570
0 6571
0 6572
0 6573
0 6574
0 6575
0 6576
0 6577
0 6578
0 6579
0 6580
0 6581
0 6582
0 6583
0 6584
0 6585
0 6586
0 6587
0 6588
0 6589
0 6590
0 6591
0 6592
0 6593
0 6594
0 6595
0 6596
0 6597
0 6598
0 6599
0 6600
0 6601
0 6602
0 3675
0 3676
0 3677
0 3678
0 3679
0 3680
0 3681
0 3682
0 3683
0 3684
0 3685
0 3686
0 3687
0 3688
0 3689
0 3690
0 3691
0 3692
0 3693
0 3694
0 3695
0 3696
0 3697
0 3698
0 3699
0 3700
0 3701
0 3702
0 3703
0 3704
0 2702
0 2703
0 2704
0 2705
0 2706
0 2707
0 2708
0 2709
0 2710
0 2711
0 2712
0 2713
0 2714
0 2715
0 2716
0 2717
0 2718
0 2719
0 2720
0 2721
0 2722
0 2723
0 2724
0 2725
0 2726
0 2727
0 2728
0 2729
0 2730
0 2731
0 2732
0 2733
0 2734
0 2735
0 1412
0 1413
0 1414
0 1415
0 1416
0 1417
0 1418
0 1419
0 1420
0 1421
0 1422
0 1423
0 1424
0 1425
0 1426
0 1427
0 1428
0 1429
0 1430
0 1431
0 1432
0 1433
0 1434
0 1435
0 1436
0 1437
0 1438
0 1439
0 1440
0 1441
0 1428
0 1429
0 1430
0 1431
0 1432
0 1433
0 1434
0 1435
0 1436
0 1437
0 1438
0 1439
0 1440
0 1441
0 1419
0 1420
0 1421
0 1422
0 1423
0 1424
0 1425
0 1426
0 1427
0 1428
0 1429
0 1430
0 1431
0 1432
0 1433
0 1434
0 1435
0 1436
0 1437
0 1438
0 1439
0 1440
0 1441
0 8205
0 8206
0 8207
0 8208
0 8209
0 8210
0 8211
0 8212
0 8213
0 8214
0 8215
0 8216
0 8217
0 8218
0 8219
0 8220
0 8221
0 8222
0 8223
0 8224
0 6568
0 6569
0 6570
0 6571
0 6572
0 6573
0 6574
0 6575
0 6576
0 6577
0 6578
0 6579
0 6580
0 6581
0 6582
0 6583
0 6584
0 6585
0 6586
0 6587
0 6588
0 6589
0 6590
0 6591
0 6592
0 6593
0 6594
0 6595
0 6596
0 6597
0 6598
0 6599
0 6600
0 6601
0 6602
0 3675
0 3676
0 3677
0 3678
0 3679
0 3680
0 3681
0 3682
0 3683
0 3684
0 3685
0 3686
0 3687
0 3688
0 3689
0 3690
0 3691
0 3692
0 3693
0 3694
0 3695
0 3696
0 3697
0 3698
0 3699
0 3700
0 3701
0 3702
0 3703
0 3704
0 2702
0 2703
0 2704
0 2705
0 2706
0 2707
0 2708
0 2709
0 2710
0 2711
0 2712
0 2713
0 2714
0 2715
0 2716
0 2717
0 2718
0 2719
0 2720
0 2721
0 2722
0 2723
0 2724
0 2725
0 2726
0 2727
0 2728
0 2729
0 2730
0 2731
0 2732
0 2733
0 2734
0 2735
0 1412
0 1413
0 1414
0 1415
0 1416
0 1417
0 1418
0 1419
0 1420
0 1421
0 1422
0 1423
0 1424
0 1425
0 1426
0 1427
0 1428
0 1429
0 1430
0 1431
0 1432
0 1433
0 1434
0 1435
0 1436
0 1437
0 1438
0 1439
0 1440
0 1441
0 9117
0 9118
0 9119
0 9120
0 9121
0 9122
0 9123
0 9124
0 9125
0 9126
0 9127
0 9128
0 9129
0 9130
0 9131
0 9132
0 9133
0 9134
0 9135
0 9136
0 9137
0 9138
0 9139
0 9140
0 9141
0 9142
0 9143
0 9144
0 9145
0 9146
0 9147
0 9148
0 8910
0 8911
0 8912
0 8913
0 8914
0 8915
0 8916
0 8917
0 8918
0 8919
0 8920
0 8921
0 8922
0 8923
0 8924
0 8925
0 8926
0 8927
0 8928
0 8929
0 8930
0 8931
0 8932
0 8933
0 8934
0 8935
0 8936
0 8937
0 8938
0 8939
0 8940
0 8941
0 8942
0 8943
0 8944
0 8945
0 8946
0 8672
0 8673
0 8674
0 8675
0 8676
0 8677
0 8678
0 8679
0 8680
0 8681
0 8682
0 8683
0 8684
0 8685
0 8686
0 8687
0 8688
0 8689
0 8690
0 8691
0 8692
0 8693
0 8694
0 8695
0 8696
0 8697
0 8698
0 8699
0 8700
0 8701
0 8702
0 8703
0 8704
0 8192
0 8193
0 8194
0 8195
0 8196
0 8197
0 8198
0 8199
0 8200
0 8201
0 8202
0 8203
0 8204
0 8205
0 8206
0 8207
0 8208
0 8209
0 8210
0 8211
0 8212
0 8213
0 8214
0 8215
0 8216
0 8217
0 8218
0 8219
0 8220
0 8221
0 8222
0 8223
0 8224
0 6568
0 6569
0 6570
0 6571
0 6572
0 6573
0 6574
0 6575
0 6576
0 6577
0 6578
0 6579
0 6580
0 6581
0 6582
0 6583
0 6584
0 6585
0 6586
0 6587
0 6588
0 6589
0 6590
0 6591
0 6592
0 6593
0 6594
0 6595
0 6596
0 6597
0 6598
0 6599
0 6600
0 6601
0 6602
0 3675
0 3676
0 3677
0 3678
0 3679
0 3680
0 3681
0 3682
0 3683
0 3684
0 3685
0 3686
0 3687
0 3688
0 3689
0 3690
0 3691
0 3692
0 3693
0 3694
0 3695
0 3696
0 3697
0 3698
0 3699
0 3700
0 3701
0 3702
0 3703
0 3704
0 2702
0 2703
0 2704
0 2705
0 2706
0 2707
0 2708
0 2709
0 2710
0 2711
0 2712
0 2713
0 2714
0 2715
0 2716
0 2717
0 2718
0 2719
0 2720
0 2721
0 2722
0 2723
0 2724
0 2725
0 2726
0 2727
0 2728
0 2729
0 2730
0 2731
0 2732
0 2733
0 2734
0 2735
0 1412
0 1413
0 1414
0 1415
0 1416
0 1417
0 1418
0 1419
0 1420
0 1421
0 1422
0 1423
0 1424
0 1425
0 1426
0 1427
0 1428
0 1429
0 1430
0 1431
0 1432
0 1433
0 1434
0 1435
0 1436
0 1437
0 1438
0 1439
0 1440
0 1441
0 8698
0 8699
0 8700
0 8701
0 8702
0 8703
0 8704
0 6568
0 6569
0 6570
0 6571
0 6572
0 6573
0 6574
0 6575
0 6576
0 6577
0 6578
0 6579
0 6580
0 6581
0 6582
0 6583
0 6584
0 6585
0 6586
0 6587
0 6588
0 6589
0 6590
0 6591
0 6592
0 6593
0 6594
0 6595
0 6596
0 6597
0 6598
0 6599
0 6600
0 6601
0 6602
0 3675
0 3676
0 3677
0 3678
0 3679
0 3680
0 3681
0 3682
0 3683
0 3684
0 3685
0 3686
0 3687
0 3688
0 3689
0 3690
0 3691
0 3692
0 3693
0 3694
0 3695
0 3696
0 3697
0 3698
0 3699
0 3700
0 3701
0 3702
0 3703
0 3704
0 2702
0 2703
0 2704
0 2705
0 2706
0 2707
0 2708
0 2709
0 2710
0 2711
0 2712
0 2713
0 2714
0 2715
0 2716
0 2717
0 2718
0 2719
0 2720
0 2721
0 2722
0 2723
0 2724
0 2725
0 2726
0 2727
0 2728
0 2729
0 2730
0 2731
0 2732
0 2733
0 2734
0 2735
0 1412
0 1413
0 1414
0 1415
0 1416
0 1417
0 1418
0 1419
0 1420
0 1421
0 1422
0 1423
0 1424
0 1425
0 1426
0 1427
0 1428
0 1429
0 1430
0 1431
0 1432
0 1433
0 1434
0 1435
0 1436
0 1437
0 1438
0 1439
0 1440
0 1441
0 304
0 305
0 306
0 307
0 308
0 309
0 310
0 311
0 312
0 313
0 314
0 315
0 9113
0 9114
0 9115
0 9116
0 9117
0 9118
0 9119
0 9120
0 9121
0 9122
0 9123
0 9124
0 9125
0 9126
0 9127
0 9128
0 9129
0 9130
0 9131
0 9132
0 9133
0 9134
0 9135
0 9136
0 9137
0 9138
0 9139
0 9140
0 9141
0 9142
0 9143
0 9144
0 9145
0 9146
0 9147
0 9148
0 8910
0 8911
0 8912
0 8913
0 8914
0 8915
0 8916
0 8917
0 8918
0 8919
0 8920
0 8921
0 8922
0 8923
0 8924
0 8925
0 8926
0 8927
0 8928
0 8929
0 8930
0 8931
0 8932
0 8933
0 8934
0 8935
0 8936
0 8937
0 8938
0 8939
0 8940
0 8941
0 8942
0 8943
0 8944
0 8945
0 8946
0 8672
0 8673
0 8674
0 8675
0 8676
0 8677
0 8678
0 8679
0 8680
0 8681
0 8682
0 8683
0 8684
0 8685
0 8686
0 8687
0 8688
0 8689
0 8690
0 8691
0 8692
0 8693
0 8694
0 8695
0 8696
0 8697
0 8698
0 8699
0 8700
0 8701
0 8702
0 8703
0 8704
0 6568
0 6569
0 6570
0 6571
0 6572
0 6573
0 6574
0 6575
0 6576
0 6577
0 6578
0 6579
0 6580
0 6581
0 6582
0 6583
0 6584
0 6585
0 6586
0 6587
0 6588
0 6589
0 6590
0 6591
0 6592
0 6593
0 6594
0 6595
0 6596
0 6597
0 6598
0 6599
0 6600
0 6601
0 6602
0 3675
0 3676
0 3677
0 3678
0 3679
0 3680
0 3681
0 3682
0 3683
0 3684
0 3685
0 3686
0 3687
0 3688
0 3689
0 3690
0 3691
0 3692
0 3693
0 3694
0 3695
0 3696
0 3697
0 3698
0 3699
0 3700
0 3701
0 3702
0 3703
0 3704
0 2702
0 2703
0 2704
0 2705
0 2706
0 2707
0 2708
0 2709
0 2710
0 2711
0 2712
0 2713
0 2714
0 2715
0 2716
0 2717
0 2718
0 2719
0 2720
0 2721
0 2722
0 2723
0 2724
0 2725
0 2726
0 2727
0 2728
0 2729
0 2730
0 2731
0 2732
0 2733
0 2734
0 2735
0 1412
0 1413
0 1414
0 1415
0 1416
0 1417
0 1418
0 1419
0 1420
0 1421
0 1422
0 1423
0 1424
0 1425
0 1426
0 1427
0 1428
0 1429
0 1430
0 1431
0 1432
0 1433
0 1434
0 1435
0 1436
0 1437
0 1438
0 1439
0 1440
0 1441
0 8908
0 8909
0 3675
0 3676
0 3677
0 3678
0 3679
0 3680
0 3681
0 3682
0 3683
0 3684
0 3685
0 3686
0 3687
0 3688
0 3689
0 3690
0 3691
0 3692
0 3693
0 3694
0 3695
0 3696
0 3697
0 3698
0 3699
0 3700
0 3701
0 3702
0 3703
0 3704
0 2702
0 2703
0 2704
0 2705
0 2706
0 2707
0 2708
0 2709
0 2710
0 2711
0 2712
0 2713
0 2714
0 2715
0 2716
0 2717
0 2718
0 2719
0 2720
0 2721
0 2722
0 2723
0 2724
0 2725
0 2726
0 2727
0 2728
0 2729
0 2730
0 2731
0 2732
0 2733
0 2734
0 2735
0 1412
0 1413
0 1414
0 1415
0 1416
0 1417
0 1418
0 1419
0 1420
0 1421
0 1422
0 1423
0 1424
0 1425
0 1426
0 1427
0 1428
0 1429
0 1430
0 1431
0 1432
0 1433
0 1434
0 1435
0 1436
0 1437
0 1438
0 1439
0 1440
0 1441
0 3701
0 3702
0 3703
0 3704
0 1412
0 1413
0 1414
0 1415
0 1416
0 1417
0 1418
0 1419
0 1420
0 1421
0 1422
0 1423
0 1424
0 1425
0 1426
0 1427
0 1428
0 1429
0 1430
0 1431
0 1432
0 1433
0 1434
0 1435
0 1436
0 1437
0 1438
0 1439
0 1440
0 1441
0 6574
0 6575
0 6576
0 6577
0 6578
0 6579
0 6580
0 6581
0 6582
0 6583
0 6584
0 6585
0 6586
0 6587
0 6588
0 6589
0 6590
0 6591
0 6592
0 6593
0 6594
0 6595
0 6596
0 6597
0 6598
0 6599
0 6600
0 6601
0 6602
0 3675
0 3676
0 3677
0 3678
0 3679
0 3680
0 3681
0 3682
0 3683
0 3684
0 3685
0 3686
0 3687
0 3688
0 3689
0 3690
0 3691
0 3692
0 3693
0 3694
0 3695
0 3696
0 3697
0 3698
0 3699
0 3700
0 3701
0 3702
0 3703
0 3704
0 2702
0 2703
0 2704
0 2705
0 2706
0 2707
0 2708
0 2709
0 2710
0 2711
0 2712
0 2713
0 2714
0 2715
0 2716
0 2717
0 2718
0 2719
0 2720
0 2721
0 2722
0 2723
0 2724
0 2725
0 2726
0 2727
0 2728
0 2729
0 2730
0 2731
0 2732
0 2733
0 2734
0 2735
0 1412
0 1413
0 1414
0 1415
0 1416
0 1417
0 1418
0 1419
0 1420
0 1421
0 1422
0 1423
0 1424
0 1425
0 1426
0 1427
0 1428
0 1429
0 1430
0 1431
0 1432
0 1433
0 1434
0 1435
0 1436
0 1437
0 1438
0 1439
0 1440
0 1441
0 1438
0 1439
0 1440
0 1441
0 9113
0 9114
0 9115
0 9116
0 9117
0 9118
0 9119
0 9120
0 9121
0 9122
0 9123
0 9124
0 9125
0 9126
0 9127
0 9128
0 9129
0 9130
0 9131
0 9132
0 9133
0 9134
0 9135
0 9136
0 9137
0 9138
0 9139
0 9140
0 9141
0 9142
0 9143
0 9144
0 9145
0 9146
0 9147
0 9148
0 8672
0 8673
0 8674
0 8675
0 8676
0 8677
0 8678
0 8679
0 8680
0 8681
0 8682
0 8683
0 8684
0 8685
0 8686
0 8687
0 8688
0 8689
0 8690
0 8691
0 8692
0 8693
0 8694
0 8695
0 8696
0 8697
0 8698
0 8699
0 8700
0 8701
0 8702
0 8703
0 8704
0 8192
0 8193
0 8194
0 8195
0 8196
0 8197
0 8198
0 8199
0 8200
0 8201
0 8202
0 8203
0 8204
0 8205
0 8206
0 8207
0 8208
0 8209
0 8210
0 8211
0 8212
0 8213
0 8214
0 8215
0 8216
0 8217
0 8218
0 8219
0 8220
0 8221
0 8222
0 8223
0 8224
0 3675
0 3676
0 3677
0 3678
0 3679
0 3680
0 3681
0 3682
0 3683
0 3684
0 3685
0 3686
0 3687
0 3688
0 3689
0 3690
0 3691
0 3692
0 3693
0 3694
0 3695
0 3696
0 3697
0 3698
0 3699
0 3700
0 3701
0 3702
0 3703
0 3704
0 2702
0 2703
0 2704
0 2705
0 2706
0 2707
0 2708
0 2709
0 2710
0 2711
0 2712
0 2713
0 2714
0 2715
0 2716
0 2717
0 2718
0 2719
0 2720
0 2721
0 2722
0 2723
0 2724
0 2725
0 2726
0 2727
0 2728
0 2729
0 2730
0 2731
0 2732
0 2733
0 2734
0 2735
0 1412
0 1413
0 1414
0 1415
0 1416
0 1417
0 1418
0 1419
0 1420
0 1421
0 1422
0 1423
0 1424
0 1425
0 1426
0 1427
0 1428
0 1429
0 1430
0 1431
0 1432
0 1433
0 1434
0 1435
0 1436
0 1437
0 1438
0 1439
0 1440
0 1441
0 6583
0 6584
0 6585
0 6586
0 6587
0 6588
0 6589
0 6590
0 6591
0 6592
0 6593
0 6594
0 6595
0 6596
0 6597
0 6598
0 6599
0 6600
0 6601
0 6602
0 3675
0 3676
0 3677
0 3678
0 3679
0 3680
0 3681
0 3682
0 3683
0 3684
0 3685
0 3686
0 3687
0 3688
0 3689
0 3690
0 3691
0 3692
0 3693
0 3694
0 3695
0 3696
0 3697
0 3698
0 3699
0 3700
0 3701
0 3702
0 3703
0 3704
0 2702
0 2703
0 2704
0 2705
0 2706
0 2707
0 2708
0 2709
0 2710
0 2711
0 2712
0 2713
0 2714
0 2715
0 2716
0 2717
0 2718
0 2719
0 2720
0 2721
0 2722
0 2723
0 2724
0 2725
0 2726
0 2727
0 2728
0 2729
0 2730
0 2731
0 2732
0 2733
0 2734
0 2735
0 1412
0 1413
0 1414
0 1415
0 1416
0 1417
0 1418
0 1419
0 1420
0 1421
0 1422
0 1423
0 1424
0 1425
0 1426
0 1427
0 1428
0 1429
0 1430
0 1431
0 1432
0 1433
0 1434
0 1435
0 1436
0 1437
0 1438
0 1439
0 1440
0 1441
0 1424
0 1425
0 1426
0 1427
0 1428
0 1429
0 1430
0 1431
0 1432
0 1433
0 1434
0 1435
0 1436
0 1437
0 1438
0 1439
0 1440
0 1441
0 8698
0 8699
0 8700
0 8701
0 8702
0 8703
0 8704
0 8192
0 8193
0 8194
0 8195
0 8196
0 8197
0 8198
0 8199
0 8200
0 8201
0 8202
0 8203
0 8204
0 8205
0 8206
0 8207
0 8208
0 8209
0 8210
0 8211
0 8212
0 8213
0 8214
0 8215
0 8216
0 8217
0 8218
0 8219
0 8220
0 8221
0 8222
0 8223
0 8224
0 6568
0 6569
0 6570
0 6571
0 6572
0 6573
0 6574
0 6575
0 6576
0 6577
0 6578
0 6579
0 6580
0 6581
0 6582
0 6583
0 6584
0 6585
0 6586
0 6587
0 6588
0 6589
0 6590
0 6591
0 6592
0 6593
0 6594
0 6595
0 6596
0 6597
0 6598
0 6599
0 6600
0 6601
0 6602
0 3675
0 3676
0 3677
0 3678
0 3679
0 3680
0 3681
0 3682
0 3683
0 3684
0 3685
0 3686
0 3687
0 3688
0 3689
0 3690
0 3691
0 3692
0 3693
0 3694
0 3695
0 3696
0 3697
0 3698
0 3699
0 3700
0 3701
0 3702
0 3703
0 3704
0 2702
0 2703
0 2704
0 2705
0 2706
0 2707
0 2708
0 2709
0 2710
0 2711
0 2712
0 2713
0 2714
0 2715
0 2716
0 2717
0 2718
0 2719
0 2720
0 2721
0 2722
0 2723
0 2724
0 2725
0 2726
0 2727
0 2728
0 2729
0 2730
0 2731
0 2732
0 2733
0 2734
0 2735
0 1412
0 1413
0 1414
0 1415
0 1416
0 1417
0 1418
0 1419
0 1420
0 1421
0 1422
0 1423
0 1424
0 1425
0 1426
0 1427
0 1428
0 1429
0 1430
0 1431
0 1432
0 1433
0 1434
0 1435
0 1436
0 1437
0 1438
0 1439
0 1440
0 1441
0 8916
0 8917
0 8918
0 8919
0 8920
0 8921
0 8922
0 8923
0 8924
0 8925
0 8926
0 8927
0 8928
0 8929
0 8930
0 8931
0 8932
0 8933
0 8934
0 8935
0 8936
0 8937
0 8938
0 8939
0 8940
0 8941
0 8942
0 8943
0 8944
0 8945
0 8946
0 8672
0 8673
0 8674
0 8675
0 8676
0 8677
0 8678
0 8679
0 8680
0 8681
0 8682
0 8683
0 8684
0 8685
0 8686
0 8687
0 8688
0 8689
0 8690
0 8691
0 8692
0 8693
0 8694
0 8695
0 8696
0 8697
0 8698
0 8699
0 8700
0 8701
0 8702
0 8703
0 8704
0 8192
0 8193
0 8194
0 8195
0 8196
0 8197
0 8198
0 8199
0 8200
0 8201
0 8202
0 8203
0 8204
0 8205
0 8206
0 8207
0 8208
0 8209
0 8210
0 8211
0 8212
0 8213
0 8214
0 8215
0 8216
0 8217
0 8218
0 8219
0 8220
0 8221
0 8222
0 8223
0 8224
0 3675
0 3676
0 3677
0 3678
0 3679
0 3680
0 3681
0 3682
0 3683
0 3684
0 3685
0 3686
0 3687
0 3688
0 3689
0 3690
0 3691
0 3692
0 3693
0 3694
0 3695
0 3696
0 3697
0 3698
0 3699
0 3700
0 3701
0 3702
0 3703
0 3704
0 2702
0 2703
0 2704
0 2705
0 2706
0 2707
0 2708
0 2709
0 2710
0 2711
0 2712
0 2713
0 2714
0 2715
0 2716
0 2717
0 2718
0 2719
0 2720
0 2721
0 2722
0 2723
0 2724
0 2725
0 2726
0 2727
0 2728
0 2729
0 2730
0 2731
0 2732
0 2733
0 2734
0 2735
0 1412
0 1413
0 1414
0 1415
0 1416
0 1417
0 1418
0 1419
0 1420
0 1421
0 1422
0 1423
0 1424
0 1425
0 1426
0 1427
0 1428
0 1429
0 1430
0 1431
0 1432
0 1433
0 1434
0 1435
0 1436
0 1437
0 1438
0 1439
0 1440
0 1441
0 286
0 287
0 288
0 289
0 290
0 291
0 292
0 293
0 294
0 295
0 296
0 297
0 298
0 299
0 300
0 301
0 302
0 303
0 304
0 305
0 306
0 307
0 308
0 309
0 310
0 311
0 312
0 313
0 314
0 315
0 9113
0 9114
0 9115
0 9116
0 9117
0 9118
0 9119
0 9120
0 9121
0 9122
0 9123
0 9124
0 9125
0 9126
0 9127
0 9128
0 9129
0 9130
0 9131
0 9132
0 9133
0 9134
0 9135
0 9136
0 9137
0 9138
0 9139
0 9140
0 9141
0 9142
0 9143
0 9144
0 9145
0 9146
0 9147
0 9148
0 8672
0 8673
0 8674
0 8675
0 8676
0 8677
0 8678
0 8679
0 8680
0 8681
0 8682
0 8683
0 8684
0 8685
0 8686
0 8687
0 8688
0 8689
0 8690
0 8691
0 8692
0 8693
0 8694
0 8695
0 8696
0 8697
0 8698
0 8699
0 8700
0 8701
0 8702
0 8703
0 8704
0 8192
0 8193
0 8194
0 8195
0 8196
0 8197
0 8198
0 8199
0 8200
0 8201
0 8202
0 8203
0 8204
0 8205
0 8206
0 8207
0 8208
0 8209
0 8210
0 8211
0 8212
0 8213
0 8214
0 8215
0 8216
0 8217
0 8218
0 8219
0 8220
0 8221
0 8222
0 8223
0 8224
0 6568
0 6569
0 6570
0 6571
0 6572
0 6573
0 6574
0 6575
0 6576
0 6577
0 6578
0 6579
0 6580
0 6581
0 6582
0 6583
0 6584
0 6585
0 6586
0 6587
0 6588
0 6589
0 6590
0 6591
0 6592
0 6593
0 6594
0 6595
0 6596
0 6597
0 6598
0 6599
0 6600
0 6601
0 6602
0 3675
0 3676
0 3677
0 3678
0 3679
0 3680
0 3681
0 3682
0 3683
0 3684
0 3685
0 3686
0 3687
0 3688
0 3689
0 3690
0 3691
0 3692
0 3693
0 3694
0 3695
0 3696
0 3697
0 3698
0 3699
0 3700
0 3701
0 3702
0 3703
0 3704
0 2702
0 2703
0 2704
0 2705
0 2706
0 2707
0 2708
0 2709
0 2710
0 2711
0 2712
0 2713
0 2714
0 2715
0 2716
0 2717
0 2718
0 2719
0 2720
0 2721
0 2722
0 2723
0 2724
0 2725
0 2726
0 2727
0 2728
0 2729
0 2730
0 2731
0 2732
0 2733
0 2734
0 2735
0 1412
0 1413
0 1414
0 1415
0 1416
0 1417
0 1418
0 1419
0 1420
0 1421
0 1422
0 1423
0 1424
0 1425
0 1426
0 1427
0 1428
0 1429
0 1430
0 1431
0 1432
0 1433
0 1434
0 1435
0 1436
0 1437
0 1438
0 1439
0 1440
0 1441
0 6575
0 6576
0 6577
0 6578
0 6579
0 6580
0 6581
0 6582
0 6583
0 6584
0 6585
0 6586
0 6587
0 6588
0 6589
0 6590
0 6591
0 6592
0 6593
0 6594
0 6595
0 6596
0 6597
0 6598
0 6599
0 6600
0 6601
0 6602
0 3675
0 3676
0 3677
0 3678
0 3679
0 3680
0 3681
0 3682
0 3683
0 3684
0 3685
0 3686
0 3687
0 3688
0 3689
0 3690
0 3691
0 3692
0 3693
0 3694
0 3695
0 3696
0 3697
0 3698
0 3699
0 3700
0 3701
0 3702
0 3703
0 3704
0 2702
0 2703
0 2704
0 2705
0 2706
0 2707
0 2708
0 2709
0 2710
0 2711
0 2712
0 2713
0 2714
0 2715
0 2716
0 2717
0 2718
0 2719
0 2720
0 2721
0 2722
0 2723
0 2724
0 2725
0 2726
0 2727
0 2728
0 2729
0 2730
0 2731
0 2732
0 2733
0 2734
0 2735
0 1412
0 1413
0 1414
0 1415
0 1416
0 1417
0 1418
0 1419
0 1420
0 1421
0 1422
0 1423
0 1424
0 1425
0 1426
0 1427
0 1428
0 1429
0 1430
0 1431
0 1432
0 1433
0 1434
0 1435
0 1436
0 1437
0 1438
0 1439
0 1440
0 1441
0 1428
0 1429
0 1430
0 1431
0 1432
0 1433
0 1434
0 1435
0 1436
0 1437
0 1438
0 1439
0 1440
0 1441
0 8920
0 8921
0 8922
0 8923
0 8924
0 8925
0 8926
0 8927
0 8928
0 8929
0 8930
0 8931
0 8932
0 8933
0 8934
0 8935
0 8936
0 8937
0 8938
0 8939
0 8940
0 8941
0 8942
0 8943
0 8944
0 8945
0 8946
0 8672
0 8673
0 8674
0 8675
0 8676
0 8677
0 8678
0 8679
0 8680
0 8681
0 8682
0 8683
0 8684
0 8685
0 8686
0 8687
0 8688
0 8689
0 8690
0 8691
0 8692
0 8693
0 8694
0 8695
0 8696
0 8697
0 8698
0 8699
0 8700
0 8701
0 8702
0 8703
0 8704
0 6568
0 6569
0 6570
0 6571
0 6572
0 6573
0 6574
0 6575
0 6576
0 6577
0 6578
0 6579
0 6580
0 6581
0 6582
0 6583
0 6584
0 6585
0 6586
0 6587
0 6588
0 6589
0 6590
0 6591
0 6592
0 6593
0 6594
0 6595
0 6596
0 6597
0 6598
0 6599
0 6600
0 6601
0 6602
0 3675
0 3676
0 3677
0 3678
0 3679
0 3680
0 3681
0 3682
0 3683
0 3684
0 3685
0 3686
0 3687
0 3688
0 3689
0 3690
0 3691
0 3692
0 3693
0 3694
0 3695
0 3696
0 3697
0 3698
0 3699
0 3700
0 3701
0 3702
0 3703
0 3704
0 2702
0 2703
0 2704
0 2705
0 2706
0 2707
0 2708
0 2709
0 2710
0 2711
0 2712
0 2713
0 2714
0 2715
0 2716
0 2717
0 2718
0 2719
0 2720
0 2721
0 2722
0 2723
0 2724
0 2725
0 2726
0 2727
0 2728
0 2729
0 2730
0 2731
0 2732
0 2733
0 2734
0 2735
0 1412
0 1413
0 1414
0 1415
0 1416
0 1417
0 1418
0 1419
0 1420
0 1421
0 1422
0 1423
0 1424
0 1425
0 1426
0 1427
0 1428
0 1429
0 1430
0 1431
0 1432
0 1433
0 1434
0 1435
0 1436
0 1437
0 1438
0 1439
0 1440
0 1441
0 1431
0 1432
0 1433
0 1434
0 1435
0 1436
0 1437
0 1438
0 1439
0 1440
0 1441
0 303
0 304
0 305
0 306
0 307
0 308
0 309
0 310
0 311
0 312
0 313
0 314
0 315
0 9113
0 9114
0 9115
0 9116
0 9117
0 9118
0 9119
0 9120
0 9121
0 9122
0 9123
0 9124
0 9125
0 9126
0 9127
0 9128
0 9129
0 9130
0 9131
0 9132
0 9133
0 9134
0 9135
0 9136
0 9137
0 9138
0 9139
0 9140
0 9141
0 9142
0 9143
0 9144
0 9145
0 9146
0 9147
0 9148
0 8910
0 8911
0 8912
0 8913
0 8914
0 8915
0 8916
0 8917
0 8918
0 8919
0 8920
0 8921
0 8922
0 8923
0 8924
0 8925
0 8926
0 8927
0 8928
0 8929
0 8930
0 8931
0 8932
0 8933
0 8934
0 8935
0 8936
0 8937
0 8938
0 8939
0 8940
0 8941
0 8942
0 8943
0 8944
0 8945
0 8946
0 8672
0 8673
0 8674
0 8675
0 8676
0 8677
0 8678
0 8679
0 8680
0 8681
0 8682
0 8683
0 8684
0 8685
0 8686
0 8687
0 8688
0 8689
0 8690
0 8691
0 8692
0 8693
0 8694
0 8695
0 8696
0 8697
0 8698
0 8699
0 8700
0 8701
0 8702
0 8703
0 8704
0 8192
0 8193
0 8194
0 8195
0 8196
0 8197
0 8198
0 8199
0 8200
0 8201
0 8202
0 8203
0 8204
0 8205
0 8206
0 8207
0 8208
0 8209
0 8210
0 8211
0 8212
0 8213
0 8214
0 8215
0 8216
0 8217
0 8218
0 8219
0 8220
0 8221
0 8222
0 8223
0 8224
0 6568
0 6569
0 6570
0 6571
0 6572
0 6573
0 6574
0 6575
0 6576
0 6577
0 6578
0 6579
0 6580
0 6581
0 6582
0 6583
0 6584
0 6585
0 6586
0 6587
0 6588
0 6589
0 6590
0 6591
0 6592
0 6593
0 6594
0 6595
0 6596
0 6597
0 6598
0 6599
0 6600
0 6601
0 6602
0 3675
0 3676
0 3677
0 3678
0 3679
0 3680
0 3681
0 3682
0 3683
0 3684
0 3685
0 3686
0 3687
0 3688
0 3689
0 3690
0 3691
0 3692
0 3693
0 3694
0 3695
0 3696
0 3697
0 3698
0 3699
0 3700
0 3701
0 3702
0 3703
0 3704
0 2702
0 2703
0 2704
0 2705
0 2706
0 2707
0 2708
0 2709
0 2710
0 2711
0 2712
0 2713
0 2714
0 2715
0 2716
0 2717
0 2718
0 2719
0 2720
0 2721
0 2722
0 2723
0 2724
0 2725
0 2726
0 2727
0 2728
0 2729
0 2730
0 2731
0 2732
0 2733
0 2734
0 2735
0 1412
0 1413
0 1414
0 1415
0 1416
0 1417
0 1418
0 1419
0 1420
0 1421
0 1422
0 1423
0 1424
0 1425
0 1426
0 1427
0 1428
0 1429
0 1430
0 1431
0 1432
0 1433
0 1434
0 1435
0 1436
0 1437
0 1438
0 1439
0 1440
0 1441
0 1427
0 1428
0 1429
0 1430
0 1431
0 1432
0 1433
0 1434
0 1435
0 1436
0 1437
0 1438
0 1439
0 1440
0 1441
0 8212
0 8213
0 8214
0 8215
0 8216
0 8217
0 8218
0 8219
0 8220
0 8221
0 8222
0 8223
0 8224
0 6568
0 6569
0 6570
0 6571
0 6572
0 6573
0 6574
0 6575
0 6576
0 6577
0 6578
0 6579
0 6580
0 6581
0 6582
0 6583
0 6584
0 6585
0 6586
0 6587
0 6588
0 6589
0 6590
0 6591
0 6592
0 6593
0 6594
0 6595
0 6596
0 6597
0 6598
0 6599
0 6600
0 6601
0 6602
0 3675
0 3676
0 3677
0 3678
0 3679
0 3680
0 3681
0 3682
0 3683
0 3684
0 3685
0 3686
0 3687
0 3688
0 3689
0 3690
0 3691
0 3692
0 3693
0 3694
0 3695
0 3696
0 3697
0 3698
0 3699
0 3700
0 3701
0 3702
0 3703
0 3704
0 2702
0 2703
0 2704
0 2705
0 2706
0 2707
0 2708
0 2709
0 2710
0 2711
0 2712
0 2713
0 2714
0 2715
0 2716
0 2717
0 2718
0 2719
0 2720
0 2721
0 2722
0 2723
0 2724
0 2725
0 2726
0 2727
0 2728
0 2729
0 2730
0 2731
0 2732
0 2733
0 2734
0 2735
0 1412
0 1413
0 1414
0 1415
0 1416
0 1417
0 1418
0 1419
0 1420
0 1421
0 1422
0 1423
0 1424
0 1425
0 1426
0 1427
0 1428
0 1429
0 1430
0 1431
0 1432
0 1433
0 1434
0 1435
0 1436
0 1437
0 1438
0 1439
0 1440
0 1441
0 3693
0 3694
0 3695
0 3696
0 3697
0 3698
0 3699
0 3700
0 3701
0 3702
0 3703
0 3704
0 2702
0 2703
0 2704
0 2705
0 2706
0 2707
0 2708
0 2709
0 2710
0 2711
0 2712
0 2713
0 2714
0 2715
0 2716
0 2717
0 2718
0 2719
0 2720
0 2721
0 2722
0 2723
0 2724
0 2725
0 2726
0 2727
0 2728
0 2729
0 2730
0 2731
0 2732
0 2733
0 2734
0 2735
0 1412
0 1413
0 1414
0 1415
0 1416
0 1417
0 1418
0 1419
0 1420
0 1421
0 1422
0 1423
0 1424
0 1425
0 1426
0 1427
0 1428
0 1429
0 1430
0 1431
0 1432
0 1433
0 1434
0 1435
0 1436
0 1437
0 1438
0 1439
0 1440
0 1441
0 2728
0 2729
0 2730
0 2731
0 2732
0 2733
0 2734
0 2735
0 1412
0 1413
0 1414
0 1415
0 1416
0 1417
0 1418
0 1419
0 1420
0 1421
0 1422
0 1423
0 1424
0 1425
0 1426
0 1427
0 1428
0 1429
0 1430
0 1431
0 1432
0 1433
0 1434
0 1435
0 1436
0 1437
0 1438
0 1439
0 1440
0 1441
0 8924
0 8925
0 8926
0 8927
0 8928
0 8929
0 8930
0 8931
0 8932
0 8933
0 8934
0 8935
0 8936
0 8937
0 8938
0 8939
0 8940
0 8941
0 8942
0 8943
0 8944
0 8945
0 8946
0 8672
0 8673
0 8674
0 8675
0 8676
0 8677
0 8678
0 8679
0 8680
0 8681
0 8682
0 8683
0 8684
0 8685
0 8686
0 8687
0 8688
0 8689
0 8690
0 8691
0 8692
0 8693
0 8694
0 8695
0 8696
0 8697
0 8698
0 8699
0 8700
0 8701
0 8702
0 8703
0 8704
0 8192
0 8193
0 8194
0 8195
0 8196
0 8197
0 8198
0 8199
0 8200
0 8201
0 8202
0 8203
0 8204
0 8205
0 8206
0 8207
0 8208
0 8209
0 8210
0 8211
0 8212
0 8213
0 8214
0 8215
0 8216
0 8217
0 8218
0 8219
0 8220
0 8221
0 8222
0 8223
0 8224
0 3675
0 3676
0 3677
0 3678
0 3679
0 3680
0 3681
0 3682
0 3683
0 3684
0 3685
0 3686
0 3687
0 3688
0 3689
0 3690
0 3691
0 3692
0 3693
0 3694
0 3695
0 3696
0 3697
0 3698
0 3699
0 3700
0 3701
0 3702
0 3703
0 3704
0 2702
0 2703
0 2704
0 2705
0 2706
0 2707
0 2708
0 2709
0 2710
0 2711
0 2712
0 2713
0 2714
0 2715
0 2716
0 2717
0 2718
0 2719
0 2720
0 2721
0 2722
0 2723
0 2724
0 2725
0 2726
0 2727
0 2728
0 2729
0 2730
0 2731
0 2732
0 2733
0 2734
0 2735
0 1412
0 1413
0 1414
0 1415
0 1416
0 1417
0 1418
0 1419
0 1420
0 1421
0 1422
0 1423
0 1424
0 1425
0 1426
0 1427
0 1428
0 1429
0 1430
0 1431
0 1432
0 1433
0 1434
0 1435
0 1436
0 1437
0 1438
0 1439
0 1440
0 1441
0 1420
0 1421
0 1422
0 1423
0 1424
0 1425
0 1426
0 1427
0 1428
0 1429
0 1430
0 1431
0 1432
0 1433
0 1434
0 1435
0 1436
0 1437
0 1438
0 1439
0 1440
0 1441
0 2721
0 2722
0 2723
0 2724
0 2725
0 2726
0 2727
0 2728
0 2729
0 2730
0 2731
0 2732
0 2733
0 2734
0 2735
0 1412
0 1413
0 1414
0 1415
0 1416
0 1417
0 1418
0 1419
0 1420
0 1421
0 1422
0 1423
0 1424
0 1425
0 1426
0 1427
0 1428
0 1429
0 1430
0 1431
0 1432
0 1433
0 1434
0 1435
0 1436
0 1437
0 1438
0 1439
0 1440
0 1441
0 6576
0 6577
0 6578
0 6579
0 6580
0 6581
0 6582
0 6583
0 6584
0 6585
0 6586
0 6587
0 6588
0 6589
0 6590
0 6591
0 6592
0 6593
0 6594
0 6595
0 6596
0 6597
0 6598
0 6599
0 6600
0 6601
0 6602
0 3675
0 3676
0 3677
0 3678
0 3679
0 3680
0 3681
0 3682
0 3683
0 3684
0 3685
0 3686
0 3687
0 3688
0 3689
0 3690
0 3691
0 3692
0 3693
0 3694
0 3695
0 3696
0 3697
0 3698
0 3699
0 3700
0 3701
0 3702
0 3703
0 3704
0 2702
0 2703
0 2704
0 2705
0 2706
0 2707
0 2708
0 2709
0 2710
0 2711
0 2712
0 2713
0 2714
0 2715
0 2716
0 2717
0 2718
0 2719
0 2720
0 2721
0 2722
0 2723
0 2724
0 2725
0 2726
0 2727
0 2728
0 2729
0 2730
0 2731
0 2732
0 2733
0 2734
0 2735
0 1412
0 1413
0 1414
0 1415
0 1416
0 1417
0 1418
0 1419
0 1420
0 1421
0 1422
0 1423
0 1424
0 1425
0 1426
0 1427
0 1428
0 1429
0 1430
0 1431
0 1432
0 1433
0 1434
0 1435
0 1436
0 1437
0 1438
0 1439
0 1440
0 1441
0 3675
0 3676
0 3677
0 3678
0 3679
0 3680
0 3681
0 3682
0 3683
0 3684
0 3685
0 3686
0 3687
0 3688
0 3689
0 3690
0 3691
0 3692
0 3693
0 3694
0 3695
0 3696
0 3697
0 3698
0 3699
0 3700
0 3701
0 3702
0 3703
0 3704
0 2702
0 2703
0 2704
0 2705
0 2706
0 2707
0 2708
0 2709
0 2710
0 2711
0 2712
0 2713
0 2714
0 2715
0 2716
0 2717
0 2718
0 2719
0 2720
0 2721
0 2722
0 2723
0 2724
0 2725
0 2726
0 2727
0 2728
0 2729
0 2730
0 2731
0 2732
0 2733
0 2734
0 2735
0 1412
0 1413
0 1414
0 1415
0 1416
0 1417
0 1418
0 1419
0 1420
0 1421
0 1422
0 1423
0 1424
0 1425
0 1426
0 1427
0 1428
0 1429
0 1430
0 1431
0 1432
0 1433
0 1434
0 1435
0 1436
0 1437
0 1438
0 1439
0 1440
0 1441
0 306
0 307
0 308
0 309
0 310
0 311
0 312
0 313
0 314
0 315
0 9113
0 9114
0 9115
0 9116
0 9117
0 9118
0 9119
0 9120
0 9121
0 9122
0 9123
0 9124
0 9125
0 9126
0 9127
0 9128
0 9129
0 9130
0 9131
0 9132
0 9133
0 9134
0 9135
0 9136
0 9137
0 9138
0 9139
0 9140
0 9141
0 9142
0 9143
0 9144
0 9145
0 9146
0 9147
0 9148
0 8910
0 8911
0 8912
0 8913
0 8914
0 8915
0 8916
0 8917
0 8918
0 8919
0 8920
0 8921
0 8922
0 8923
0 8924
0 8925
0 8926
0 8927
0 8928
0 8929
0 8930
0 8931
0 8932
0 8933
0 8934
0 8935
0 8936
0 8937
0 8938
0 8939
0 8940
0 8941
0 8942
0 8943
0 8944
0 8945
0 8946
0 8672
0 8673
0 8674
0 8675
0 8676
0 8677
0 8678
0 8679
0 8680
0 8681
0 8682
0 8683
0 8684
0 8685
0 8686
0 8687
0 8688
0 8689
0 8690
0 8691
0 8692
0 8693
0 8694
0 8695
0 8696
0 8697
0 8698
0 8699
0 8700
0 8701
0 8702
0 8703
0 8704
0 8192
0 8193
0 8194
0 8195
0 8196
0 8197
0 8198
0 8199
0 8200
0 8201
0 8202
0 8203
0 8204
0 8205
0 8206
0 8207
0 8208
0 8209
0 8210
0 8211
0 8212
0 8213
0 8214
0 8215
0 8216
0 8217
0 8218
0 8219
0 8220
0 8221
0 8222
0 8223
0 8224
0 6568
0 6569
0 6570
0 6571
0 6572
0 6573
0 6574
0 6575
0 6576
0 6577
0 6578
0 6579
0 6580
0 6581
0 6582
0 6583
0 6584
0 6585
0 6586
0 6587
0 6588
0 6589
0 6590
0 6591
0 6592
0 6593
0 6594
0 6595
0 6596
0 6597
0 6598
0 6599
0 6600
0 6601
0 6602
0 3675
0 3676
0 3677
0 3678
0 3679
0 3680
0 3681
0 3682
0 3683
0 3684
0 3685
0 3686
0 3687
0 3688
0 3689
0 3690
0 3691
0 3692
0 3693
0 3694
0 3695
0 3696
0 3697
0 3698
0 3699
0 3700
0 3701
0 3702
0 3703
0 3704
0 2702
0 2703
0 2704
0 2705
0 2706
0 2707
0 2708
0 2709
0 2710
0 2711
0 2712
0 2713
0 2714
0 2715
0 2716
0 2717
0 2718
0 2719
0 2720
0 2721
0 2722
0 2723
0 2724
0 2725
0 2726
0 2727
0 2728
0 2729
0 2730
0 2731
0 2732
0 2733
0 2734
0 2735
0 1412
0 1413
0 1414
0 1415
0 1416
0 1417
0 1418
0 1419
0 1420
0 1421
0 1422
0 1423
0 1424
0 1425
0 1426
0 1427
0 1428
0 1429
0 1430
0 1431
0 1432
0 1433
0 1434
0 1435
0 1436
0 1437
0 1438
0 1439
0 1440
0 1441
0 1414
0 1415
0 1416
0 1417
0 1418
0 1419
0 1420
0 1421
0 1422
0 1423
0 1424
0 1425
0 1426
0 1427
0 1428
0 1429
0 1430
0 1431
0 1432
0 1433
0 1434
0 1435
0 1436
0 1437
0 1438
0 1439
0 1440
0 1441
0 1427
0 1428
0 1429
0 1430
0 1431
0 1432
0 1433
0 1434
0 1435
0 1436
0 1437
0 1438
0 1439
0 1440
0 1441
0 8919
0 8920
0 8921
0 8922
0 8923
0 8924
0 8925
0 8926
0 8927
0 8928
0 8929
0 8930
0 8931
0 8932
0 8933
0 8934
0 8935
0 8936
0 8937
0 8938
0 8939
0 8940
0 8941
0 8942
0 8943
0 8944
0 8945
0 8946
0 8672
0 8673
0 8674
0 8675
0 8676
0 8677
0 8678
0 8679
0 8680
0 8681
0 8682
0 8683
0 8684
0 8685
0 8686
0 8687
0 8688
0 8689
0 8690
0 8691
0 8692
0 8693
0 8694
0 8695
0 8696
0 8697
0 8698
0 8699
0 8700
0 8701
0 8702
0 8703
0 8704
0 8192
0 8193
0 8194
0 8195
0 8196
0 8197
0 8198
0 8199
0 8200
0 8201
0 8202
0 8203
0 8204
0 8205
0 8206
0 8207
0 8208
0 8209
0 8210
0 8211
0 8212
0 8213
0 8214
0 8215
0 8216
0 8217
0 8218
0 8219
0 8220
0 8221
0 8222
0 8223
0 8224
0 6568
0 6569
0 6570
0 6571
0 6572
0 6573
0 6574
0 6575
0 6576
0 6577
0 6578
0 6579
0 6580
0 6581
0 6582
0 6583
0 6584
0 6585
0 6586
0 6587
0 6588
0 6589
0 6590
0 6591
0 6592
0 6593
0 6594
0 6595
0 6596
0 6597
0 6598
0 6599
0 6600
0 6601
0 6602
0 3675
0 3676
0 3677
0 3678
0 3679
0 3680
0 3681
0 3682
0 3683
0 3684
0 3685
0 3686
0 3687
0 3688
0 3689
0 3690
0 3691
0 3692
0 3693
0 3694
0 3695
0 3696
0 3697
0 3698
0 3699
0 3700
0 3701
0 3702
0 3703
0 3704
0 2702
0 2703
0 2704
0 2705
0 2706
0 2707
0 2708
0 2709
0 2710
0 2711
0 2712
0 2713
0 2714
0 2715
0 2716
0 2717
0 2718
0 2719
0 2720
0 2721
0 2722
0 2723
0 2724
0 2725
0 2726
0 2727
0 2728
0 2729
0 2730
0 2731
0 2732
0 2733
0 2734
0 2735
0 1412
0 1413
0 1414
0 1415
0 1416
0 1417
0 1418
0 1419
0 1420
0 1421
0 1422
0 1423
0 1424
0 1425
0 1426
0 1427
0 1428
0 1429
0 1430
0 1431
0 1432
0 1433
0 1434
0 1435
0 1436
0 1437
0 1438
0 1439
0 1440
0 1441
0 8672
0 8673
0 8674
0 8675
0 8676
0 8677
0 8678
0 8679
0 8680
0 8681
0 8682
0 8683
0 8684
0 8685
0 8686
0 8687
0 8688
0 8689
0 8690
0 8691
0 8692
0 8693
0 8694
0 8695
0 8696
0 8697
0 8698
0 8699
0 8700
0 8701
0 8702
0 8703
0 8704
0 8192
0 8193
0 8194
0 8195
0 8196
0 8197
0 8198
0 8199
0 8200
0 8201
0 8202
0 8203
0 8204
0 8205
0 8206
0 8207
0 8208
0 8209
0 8210
0 8211
0 8212
0 8213
0 8214
0 8215
0 8216
0 8217
0 8218
0 8219
0 8220
0 8221
0 8222
0 8223
0 8224
0 6568
0 6569
0 6570
0 6571
0 6572
0 6573
0 6574
0 6575
0 6576
0 6577
0 6578
0 6579
0 6580
0 6581
0 6582
0 6583
0 6584
0 6585
0 6586
0 6587
0 6588
0 6589
0 6590
0 6591
0 6592
0 6593
0 6594
0 6595
0 6596
0 6597
0 6598
0 6599
0 6600
0 6601
0 6602
0 3675
0 3676
0 3677
0 3678
0 3679
0 3680
0 3681
0 3682
0 3683
0 3684
0 3685
0 3686
0 3687
0 3688
0 3689
0 3690
0 3691
0 3692
0 3693
0 3694
0 3695
0 3696
0 3697
0 3698
0 3699
0 3700
0 3701
0 3702
0 3703
0 3704
0 2702
0 2703
0 2704
0 2705
0 2706
0 2707
0 2708
0 2709
0 2710
0 2711
0 2712
0 2713
0 2714
0 2715
0 2716
0 2717
0 2718
0 2719
0 2720
0 2721
0 2722
0 2723
0 2724
0 2725
0 2726
0 2727
0 2728
0 2729
0 2730
0 2731
0 2732
0 2733
0 2734
0 2735
0 1412
0 1413
0 1414
0 1415
0 1416
0 1417
0 1418
0 1419
0 1420
0 1421
0 1422
0 1423
0 1424
0 1425
0 1426
0 1427
0 1428
0 1429
0 1430
0 1431
0 1432
0 1433
0 1434
0 1435
0 1436
0 1437
0 1438
0 1439
0 1440
0 1441
0 8702
0 8703
0 8704
0 8192
0 8193
0 8194
0 8195
0 8196
0 8197
0 8198
0 8199
0 8200
0 8201
0 8202
0 8203
0 8204
0 8205
0 8206
0 8207
0 8208
0 8209
0 8210
0 8211
0 8212
0 8213
0 8214
0 8215
0 8216
0 8217
0 8218
0 8219
0 8220
0 8221
0 8222
0 8223
0 8224
0 6568
0 6569
0 6570
0 6571
0 6572
0 6573
0 6574
0 6575
0 6576
0 6577
0 6578
0 6579
0 6580
0 6581
0 6582
0 6583
0 6584
0 6585
0 6586
0 6587
0 6588
0 6589
0 6590
0 6591
0 6592
0 6593
0 6594
0 6595
0 6596
0 6597
0 6598
0 6599
0 6600
0 6601
0 6602
0 3675
0 3676
0 3677
0 3678
0 3679
0 3680
0 3681
0 3682
0 3683
0 3684
0 3685
0 3686
0 3687
0 3688
0 3689
0 3690
0 3691
0 3692
0 3693
0 3694
0 3695
0 3696
0 3697
0 3698
0 3699
0 3700
0 3701
0 3702
0 3703
0 3704
0 2702
0 2703
0 2704
0 2705
0 2706
0 2707
0 2708
0 2709
0 2710
0 2711
0 2712
0 2713
0 2714
0 2715
0 2716
0 2717
0 2718
0 2719
0 2720
0 2721
0 2722
0 2723
0 2724
0 2725
0 2726
0 2727
0 2728
0 2729
0 2730
0 2731
0 2732
0 2733
0 2734
0 2735
0 1412
0 1413
0 1414
0 1415
0 1416
0 1417
0 1418
0 1419
0 1420
0 1421
0 1422
0 1423
0 1424
0 1425
0 1426
0 1427
0 1428
0 1429
0 1430
0 1431
0 1432
0 1433
0 1434
0 1435
0 1436
0 1437
0 1438
0 1439
0 1440
0 1441
0 1425
0 1426
0 1427
0 1428
0 1429
0 1430
0 1431
0 1432
0 1433
0 1434
0 1435
0 1436
0 1437
0 1438
0 1439
0 1440
0 1441
0 8674
0 8675
0 8676
0 8677
0 8678
0 8679
0 8680
0 8681
0 8682
0 8683
0 8684
0 8685
0 8686
0 8687
0 8688
0 8689
0 8690
0 8691
0 8692
0 8693
0 8694
0 8695
0 8696
0 8697
0 8698
0 8699
0 8700
0 8701
0 8702
0 8703
0 8704
0 8192
0 8193
0 8194
0 8195
0 8196
0 8197
0 8198
0 8199
0 8200
0 8201
0 8202
0 8203
0 8204
0 8205
0 8206
0 8207
0 8208
0 8209
0 8210
0 8211
0 8212
0 8213
0 8214
0 8215
0 8216
0 8217
0 8218
0 8219
0 8220
0 8221
0 8222
0 8223
0 8224
0 6568
0 6569
0 6570
0 6571
0 6572
0 6573
0 6574
0 6575
0 6576
0 6577
0 6578
0 6579
0 6580
0 6581
0 6582
0 6583
0 6584
0 6585
0 6586
0 6587
0 6588
0 6589
0 6590
0 6591
0 6592
0 6593
0 6594
0 6595
0 6596
0 6597
0 6598
0 6599
0 6600
0 6601
0 6602
0 3675
0 3676
0 3677
0 3678
0 3679
0 3680
0 3681
0 3682
0 3683
0 3684
0 3685
0 3686
0 3687
0 3688
0 3689
0 3690
0 3691
0 3692
0 3693
0 3694
0 3695
0 3696
0 3697
0 3698
0 3699
0 3700
0 3701
0 3702
0 3703
0 3704
0 2702
0 2703
0 2704
0 2705
0 2706
0 2707
0 2708
0 2709
0 2710
0 2711
0 2712
0 2713
0 2714
0 2715
0 2716
0 2717
0 2718
0 2719
0 2720
0 2721
0 2722
0 2723
0 2724
0 2725
0 2726
0 2727
0 2728
0 2729
0 2730
0 2731
0 2732
0 2733
0 2734
0 2735
0 1412
0 1413
0 1414
0 1415
0 1416
0 1417
0 1418
0 1419
0 1420
0 1421
0 1422
0 1423
0 1424
0 1425
0 1426
0 1427
0 1428
0 1429
0 1430
0 1431
0 1432
0 1433
0 1434
0 1435
0 1436
0 1437
0 1438
0 1439
0 1440
0 1441
0 8195
0 8196
0 8197
0 8198
0 8199
0 8200
0 8201
0 8202
0 8203
0 8204
0 8205
0 8206
0 8207
0 8208
0 8209
0 8210
0 8211
0 8212
0 8213
0 8214
0 8215
0 8216
0 8217
0 8218
0 8219
0 8220
0 8221
0 8222
0 8223
0 8224
0 6568
0 6569
0 6570
0 6571
0 6572
0 6573
0 6574
0 6575
0 6576
0 6577
0 6578
0 6579
0 6580
0 6581
0 6582
0 6583
0 6584
0 6585
0 6586
0 6587
0 6588
0 6589
0 6590
0 6591
0 6592
0 6593
0 6594
0 6595
0 6596
0 6597
0 6598
0 6599
0 6600
0 6601
0 6602
0 3675
0 3676
0 3677
0 3678
0 3679
0 3680
0 3681
0 3682
0 3683
0 3684
0 3685
0 3686
0 3687
0 3688
0 3689
0 3690
0 3691
0 3692
0 3693
0 3694
0 3695
0 3696
0 3697
0 3698
0 3699
0 3700
0 3701
0 3702
0 3703
0 3704
0 2702
0 2703
0 2704
0 2705
0 2706
0 2707
0 2708
0 2709
0 2710
0 2711
0 2712
0 2713
0 2714
0 2715
0 2716
0 2717
0 2718
0 2719
0 2720
0 2721
0 2722
0 2723
0 2724
0 2725
0 2726
0 2727
0 2728
0 2729
0 2730
0 2731
0 2732
0 2733
0 2734
0 2735
0 1412
0 1413
0 1414
0 1415
0 1416
0 1417
0 1418
0 1419
0 1420
0 1421
0 1422
0 1423
0 1424
0 1425
0 1426
0 1427
0 1428
0 1429
0 1430
0 1431
0 1432
0 1433
0 1434
0 1435
0 1436
0 1437
0 1438
0 1439
0 1440
0 1441
0 1417
0 1418
0 1419
0 1420
0 1421
0 1422
0 1423
0 1424
0 1425
0 1426
0 1427
0 1428
0 1429
0 1430
0 1431
0 1432
0 1433
0 1434
0 1435
0 1436
0 1437
0 1438
0 1439
0 1440
0 1441
0 3699
0 3700
0 3701
0 3702
0 3703
0 3704
0 2702
0 2703
0 2704
0 2705
0 2706
0 2707
0 2708
0 2709
0 2710
0 2711
0 2712
0 2713
0 2714
0 2715
0 2716
0 2717
0 2718
0 2719
0 2720
0 2721
0 2722
0 2723
0 2724
0 2725
0 2726
0 2727
0 2728
0 2729
0 2730
0 2731
0 2732
0 2733
0 2734
0 2735
0 1412
0 1413
0 1414
0 1415
0 1416
0 1417
0 1418
0 1419
0 1420
0 1421
0 1422
0 1423
0 1424
0 1425
0 1426
0 1427
0 1428
0 1429
0 1430
0 1431
0 1432
0 1433
0 1434
0 1435
0 1436
0 1437
0 1438
0 1439
0 1440
0 1441
0 1421
0 1422
0 1423
0 1424
0 1425
0 1426
0 1427
0 1428
0 1429
0 1430
0 1431
0 1432
0 1433
0 1434
0 1435
0 1436
0 1437
0 1438
0 1439
0 1440
0 1441
0 286
0 287
0 288
0 289
0 290
0 291
0 292
0 293
0 294
0 295
0 296
0 297
0 298
0 299
0 300
0 301
0 302
0 303
0 304
0 305
0 306
0 307
0 308
0 309
0 310
0 311
0 312
0 313
0 314
0 315
0 9113
0 9114
0 9115
0 9116
0 9117
0 9118
0 9119
0 9120
0 9121
0 9122
0 9123
0 9124
0 9125
0 9126
0 9127
0 9128
0 9129
0 9130
0 9131
0 9132
0 9133
0 9134
0 9135
0 9136
0 9137
0 9138
0 9139
0 9140
0 9141
0 9142
0 9143
0 9144
0 9145
0 9146
0 9147
0 9148
0 8910
0 8911
0 8912
0 8913
0 8914
0 8915
0 8916
0 8917
0 8918
0 8919
0 8920
0 8921
0 8922
0 8923
0 8924
0 8925
0 8926
0 8927
0 8928
0 8929
0 8930
0 8931
0 8932
0 8933
0 8934
0 8935
0 8936
0 8937
0 8938
0 8939
0 8940
0 8941
0 8942
0 8943
0 8944
0 8945
0 8946
0 8672
0 8673
0 8674
0 8675
0 8676
0 8677
0 8678
0 8679
0 8680
0 8681
0 8682
0 8683
0 8684
0 8685
0 8686
0 8687
0 8688
0 8689
0 8690
0 8691
0 8692
0 8693
0 8694
0 8695
0 8696
0 8697
0 8698
0 8699
0 8700
0 8701
0 8702
0 8703
0 8704
0 8192
0 8193
0 8194
0 8195
0 8196
0 8197
0 8198
0 8199
0 8200
0 8201
0 8202
0 8203
0 8204
0 8205
0 8206
0 8207
0 8208
0 8209
0 8210
0 8211
0 8212
0 8213
0 8214
0 8215
0 8216
0 8217
0 8218
0 8219
0 8220
0 8221
0 8222
0 8223
0 8224
0 6568
0 6569
0 6570
0 6571
0 6572
0 6573
0 6574
0 6575
0 6576
0 6577
0 6578
0 6579
0 6580
0 6581
0 6582
0 6583
0 6584
0 6585
0 6586
0 6587
0 6588
0 6589
0 6590
0 6591
0 6592
0 6593
0 6594
0 6595
0 6596
0 6597
0 6598
0 6599
0 6600
0 6601
0 6602
0 3675
0 3676
0 3677
0 3678
0 3679
0 3680
0 3681
0 3682
0 3683
0 3684
0 3685
0 3686
0 3687
0 3688
0 3689
0 3690
0 3691
0 3692
0 3693
0 3694
0 3695
0 3696
0 3697
0 3698
0 3699
0 3700
0 3701
0 3702
0 3703
0 3704
0 2702
0 2703
0 2704
0 2705
0 2706
0 2707
0 2708
0 2709
0 2710
0 2711
0 2712
0 2713
0 2714
0 2715
0 2716
0 2717
0 2718
0 2719
0 2720
0 2721
0 2722
0 2723
0 2724
0 2725
0 2726
0 2727
0 2728
0 2729
0 2730
0 2731
0 2732
0 2733
0 2734
0 2735
0 1412
0 1413
0 1414
0 1415
0 1416
0 1417
0 1418
0 1419
0 1420
0 1421
0 1422
0 1423
0 1424
0 1425
0 1426
0 1427
0 1428
0 1429
0 1430
0 1431
0 1432
0 1433
0 1434
0 1435
0 1436
0 1437
0 1438
0 1439
0 1440
0 1441
0 1420
0 1421
0 1422
0 1423
0 1424
0 1425
0 1426
0 1427
0 1428
0 1429
0 1430
0 1431
0 1432
0 1433
0 1434
0 1435
0 1436
0 1437
0 1438
0 1439
0 1440
0 1441
0 9127
0 9128
0 9129
0 9130
0 9131
0 9132
0 9133
0 9134
0 9135
0 9136
0 9137
0 9138
0 9139
0 9140
0 9141
0 9142
0 9143
0 9144
0 9145
0 9146
0 9147
0 9148
0 8672
0 8673
0 8674
0 8675
0 8676
0 8677
0 8678
0 8679
0 8680
0 8681
0 8682
0 8683
0 8684
0 8685
0 8686
0 8687
0 8688
0 8689
0 8690
0 8691
0 8692
0 8693
0 8694
0 8695
0 8696
0 8697
0 8698
0 8699
0 8700
0 8701
0 8702
0 8703
0 8704
0 8192
0 8193
0 8194
0 8195
0 8196
0 8197
0 8198
0 8199
0 8200
0 8201
0 8202
0 8203
0 8204
0 8205
0 8206
0 8207
0 8208
0 8209
0 8210
0 8211
0 8212
0 8213
0 8214
0 8215
0 8216
0 8217
0 8218
0 8219
0 8220
0 8221
0 8222
0 8223
0 8224
0 6568
0 6569
0 6570
0 6571
0 6572
0 6573
0 6574
0 6575
0 6576
0 6577
0 6578
0 6579
0 6580
0 6581
0 6582
0 6583
0 6584
0 6585
0 6586
0 6587
0 6588
0 6589
0 6590
0 6591
0 6592
0 6593
0 6594
0 6595
0 6596
0 6597
0 6598
0 6599
0 6600
0 6601
0 6602
0 3675
0 3676
0 3677
0 3678
0 3679
0 3680
0 3681
0 3682
0 3683
0 3684
0 3685
0 3686
0 3687
0 3688
0 3689
0 3690
0 3691
0 3692
0 3693
0 3694
0 3695
0 3696
0 3697
0 3698
0 3699
0 3700
0 3701
0 3702
0 3703
0 3704
0 2702
0 2703
0 2704
0 2705
0 2706
0 2707
0 2708
0 2709
0 2710
0 2711
0 2712
0 2713
0 2714
0 2715
0 2716
0 2717
0 2718
0 2719
0 2720
0 2721
0 2722
0 2723
0 2724
0 2725
0 2726
0 2727
0 2728
0 2729
0 2730
0 2731
0 2732
0 2733
0 2734
0 2735
0 1412
0 1413
0 1414
0 1415
0 1416
0 1417
0 1418
0 1419
0 1420
0 1421
0 1422
0 1423
0 1424
0 1425
0 1426
0 1427
0 1428
0 1429
0 1430
0 1431
0 1432
0 1433
0 1434
0 1435
0 1436
0 1437
0 1438
0 1439
0 1440
0 1441
0 9117
0 9118
0 9119
0 9120
0 9121
0 9122
0 9123
0 9124
0 9125
0 9126
0 9127
0 9128
0 9129
0 9130
0 9131
0 9132
0 9133
0 9134
0 9135
0 9136
0 9137
0 9138
0 9139
0 9140
0 9141
0 9142
0 9143
0 9144
0 9145
0 9146
0 9147
0 9148
0 8910
0 8911
0 8912
0 8913
0 8914
0 8915
0 8916
0 8917
0 8918
0 8919
0 8920
0 8921
0 8922
0 8923
0 8924
0 8925
0 8926
0 8927
0 8928
0 8929
0 8930
0 8931
0 8932
0 8933
0 8934
0 8935
0 8936
0 8937
0 8938
0 8939
0 8940
0 8941
0 8942
0 8943
0 8944
0 8945
0 8946
0 8672
0 8673
0 8674
0 8675
0 8676
0 8677
0 8678
0 8679
0 8680
0 8681
0 8682
0 8683
0 8684
0 8685
0 8686
0 8687
0 8688
0 8689
0 8690
0 8691
0 8692
0 8693
0 8694
0 8695
0 8696
0 8697
0 8698
0 8699
0 8700
0 8701
0 8702
0 8703
0 8704
0 8192
0 8193
0 8194
0 8195
0 8196
0 8197
0 8198
0 8199
0 8200
0 8201
0 8202
0 8203
0 8204
0 8205
0 8206
0 8207
0 8208
0 8209
0 8210
0 8211
0 8212
0 8213
0 8214
0 8215
0 8216
0 8217
0 8218
0 8219
0 8220
0 8221
0 8222
0 8223
0 8224
0 6568
0 6569
0 6570
0 6571
0 6572
0 6573
0 6574
0 6575
0 6576
0 6577
0 6578
0 6579
0 6580
0 6581
0 6582
0 6583
0 6584
0 6585
0 6586
0 6587
0 6588
0 6589
0 6590
0 6591
0 6592
0 6593
0 6594
0 6595
0 6596
0 6597
0 6598
0 6599
0 6600
0 6601
0 6602
0 3675
0 3676
0 3677
0 3678
0 3679
0 3680
0 3681
0 3682
0 3683
0 3684
0 3685
0 3686
0 3687
0 3688
0 3689
0 3690
0 3691
0 3692
0 3693
0 3694
0 3695
0 3696
0 3697
0 3698
0 3699
0 3700
0 3701
0 3702
0 3703
0 3704
0 2702
0 2703
0 2704
0 2705
0 2706
0 2707
0 2708
0 2709
0 2710
0 2711
0 2712
0 2713
0 2714
0 2715
0 2716
0 2717
0 2718
0 2719
0 2720
0 2721
0 2722
0 2723
0 2724
0 2725
0 2726
0 2727
0 2728
0 2729
0 2730
0 2731
0 2732
0 2733
0 2734
0 2735
0 1412
0 1413
0 1414
0 1415
0 1416
0 1417
0 1418
0 1419
0 1420
0 1421
0 1422
0 1423
0 1424
0 1425
0 1426
0 1427
0 1428
0 1429
0 1430
0 1431
0 1432
0 1433
0 1434
0 1435
0 1436
0 1437
0 1438
0 1439
0 1440
0 1441
0 1427
0 1428
0 1429
0 1430
0 1431
0 1432
0 1433
0 1434
0 1435
0 1436
0 1437
0 1438
0 1439
0 1440
0 1441
0 1415
0 1416
0 1417
0 1418
0 1419
0 1420
0 1421
0 1422
0 1423
0 1424
0 1425
0 1426
0 1427
0 1428
0 1429
0 1430
0 1431
0 1432
0 1433
0 1434
0 1435
0 1436
0 1437
0 1438
0 1439
0 1440
0 1441
0 8676
0 8677
0 8678
0 8679
0 8680
0 8681
0 8682
0 8683
0 8684
0 8685
0 8686
0 8687
0 8688
0 8689
0 8690
0 8691
0 8692
0 8693
0 8694
0 8695
0 8696
0 8697
0 8698
0 8699
0 8700
0 8701
0 8702
0 8703
0 8704
0 8192
0 8193
0 8194
0 8195
0 8196
0 8197
0 8198
0 8199
0 8200
0 8201
0 8202
0 8203
0 8204
0 8205
0 8206
0 8207
0 8208
0 8209
0 8210
0 8211
0 8212
0 8213
0 8214
0 8215
0 8216
0 8217
0 8218
0 8219
0 8220
0 8221
0 8222
0 8223
0 8224
0 3675
0 3676
0 3677
0 3678
0 3679
0 3680
0 3681
0 3682
0 3683
0 3684
0 3685
0 3686
0 3687
0 3688
0 3689
0 3690
0 3691
0 3692
0 3693
0 3694
0 3695
0 3696
0 3697
0 3698
0 3699
0 3700
0 3701
0 3702
0 3703
0 3704
0 2702
0 2703
0 2704
0 2705
0 2706
0 2707
0 2708
0 2709
0 2710
0 2711
0 2712
0 2713
0 2714
0 2715
0 2716
0 2717
0 2718
0 2719
0 2720
0 2721
0 2722
0 2723
0 2724
0 2725
0 2726
0 2727
0 2728
0 2729
0 2730
0 2731
0 2732
0 2733
0 2734
0 2735
0 1412
0 1413
0 1414
0 1415
0 1416
0 1417
0 1418
0 1419
0 1420
0 1421
0 1422
0 1423
0 1424
0 1425
0 1426
0 1427
0 1428
0 1429
0 1430
0 1431
0 1432
0 1433
0 1434
0 1435
0 1436
0 1437
0 1438
0 1439
0 1440
0 1441
0 8034
0 8192
0 8193
0 8194
0 8195
0 8196
0 8197
0 8198
0 8199
0 8200
0 8201
0 8202
0 8203
0 8204
0 8205
0 8206
0 8207
0 8208
0 8209
0 8210
0 8211
0 8212
0 8213
0 8214
0 8215
0 8216
0 8217
0 8218
0 8219
0 8220
0 8221
0 8222
0 8223
0 8224
0 6568
0 6569
0 6570
0 6571
0 6572
0 6573
0 6574
0 6575
0 6576
0 6577
0 6578
0 6579
0 6580
0 6581
0 6582
0 6583
0 6584
0 6585
0 6586
0 6587
0 6588
0 6589
0 6590
0 6591
0 6592
0 6593
0 6594
0 6595
0 6596
0 6597
0 6598
0 6599
0 6600
0 6601
0 6602
0 3675
0 3676
0 3677
0 3678
0 3679
0 3680
0 3681
0 3682
0 3683
0 3684
0 3685
0 3686
0 3687
0 3688
0 3689
0 3690
0 3691
0 3692
0 3693
0 3694
0 3695
0 3696
0 3697
0 3698
0 3699
0 3700
0 3701
0 3702
0 3703
0 3704
0 2702
0 2703
0 2704
0 2705
0 2706
0 2707
0 2708
0 2709
0 2710
0 2711
0 2712
0 2713
0 2714
0 2715
0 2716
0 2717
0 2718
0 2719
0 2720
0 2721
0 2722
0 2723
0 2724
0 2725
0 2726
0 2727
0 2728
0 2729
0 2730
0 2731
0 2732
0 2733
0 2734
0 2735
0 1412
0 1413
0 1414
0 1415
0 1416
0 1417
0 1418
0 1419
0 1420
0 1421
0 1422
0 1423
0 1424
0 1425
0 1426
0 1427
0 1428
0 1429
0 1430
0 1431
0 1432
0 1433
0 1434
0 1435
0 1436
0 1437
0 1438
0 1439
0 1440
0 1441
0 1425
0 1426
0 1427
0 1428
0 1429
0 1430
0 1431
0 1432
0 1433
0 1434
0 1435
0 1436
0 1437
0 1438
0 1439
0 1440
0 1441
0 1422
0 1423
0 1424
0 1425
0 1426
0 1427
0 1428
0 1429
0 1430
0 1431
0 1432
0 1433
0 1434
0 1435
0 1436
0 1437
0 1438
0 1439
0 1440
0 1441
0 8700
0 8701
0 8702
0 8703
0 8704
0 8192
0 8193
0 8194
0 8195
0 8196
0 8197
0 8198
0 8199
0 8200
0 8201
0 8202
0 8203
0 8204
0 8205
0 8206
0 8207
0 8208
0 8209
0 8210
0 8211
0 8212
0 8213
0 8214
0 8215
0 8216
0 8217
0 8218
0 8219
0 8220
0 8221
0 8222
0 8223
0 8224
0 6568
0 6569
0 6570
0 6571
0 6572
0 6573
0 6574
0 6575
0 6576
0 6577
0 6578
0 6579
0 6580
0 6581
0 6582
0 6583
0 6584
0 6585
0 6586
0 6587
0 6588
0 6589
0 6590
0 6591
0 6592
0 6593
0 6594
0 6595
0 6596
0 6597
0 6598
0 6599
0 6600
0 6601
0 6602
0 3675
0 3676
0 3677
0 3678
0 3679
0 3680
0 3681
0 3682
0 3683
0 3684
0 3685
0 3686
0 3687
0 3688
0 3689
0 3690
0 3691
0 3692
0 3693
0 3694
0 3695
0 3696
0 3697
0 3698
0 3699
0 3700
0 3701
0 3702
0 3703
0 3704
0 2702
0 2703
0 2704
0 2705
0 2706
0 2707
0 2708
0 2709
0 2710
0 2711
0 2712
0 2713
0 2714
0 2715
0 2716
0 2717
0 2718
0 2719
0 2720
0 2721
0 2722
0 2723
0 2724
0 2725
0 2726
0 2727
0 2728
0 2729
0 2730
0 2731
0 2732
0 2733
0 2734
0 2735
0 1412
0 1413
0 1414
0 1415
0 1416
0 1417
0 1418
0 1419
0 1420
0 1421
0 1422
0 1423
0 1424
0 1425
0 1426
0 1427
0 1428
0 1429
0 1430
0 1431
0 1432
0 1433
0 1434
0 1435
0 1436
0 1437
0 1438
0 1439
0 1440
0 1441
0 1430
0 1431
0 1432
0 1433
0 1434
0 1435
0 1436
0 1437
0 1438
0 1439
0 1440
0 1441
0 6596
0 6597
0 6598
0 6599
0 6600
0 6601
0 6602
0 3675
0 3676
0 3677
0 3678
0 3679
0 3680
0 3681
0 3682
0 3683
0 3684
0 3685
0 3686
0 3687
0 3688
0 3689
0 3690
0 3691
0 3692
0 3693
0 3694
0 3695
0 3696
0 3697
0 3698
0 3699
0 3700
0 3701
0 3702
0 3703
0 3704
0 2702
0 2703
0 2704
0 2705
0 2706
0 2707
0 2708
0 2709
0 2710
0 2711
0 2712
0 2713
0 2714
0 2715
0 2716
0 2717
0 2718
0 2719
0 2720
0 2721
0 2722
0 2723
0 2724
0 2725
0 2726
0 2727
0 2728
0 2729
0 2730
0 2731
0 2732
0 2733
0 2734
0 2735
0 1412
0 1413
0 1414
0 1415
0 1416
0 1417
0 1418
0 1419
0 1420
0 1421
0 1422
0 1423
0 1424
0 1425
0 1426
0 1427
0 1428
0 1429
0 1430
0 1431
0 1432
0 1433
0 1434
0 1435
0 1436
0 1437
0 1438
0 1439
0 1440
0 1441
0 2717
0 2718
0 2719
0 2720
0 2721
0 2722
0 2723
0 2724
0 2725
0 2726
0 2727
0 2728
0 2729
0 2730
0 2731
0 2732
0 2733
0 2734
0 2735
0 1412
0 1413
0 1414
0 1415
0 1416
0 1417
0 1418
0 1419
0 1420
0 1421
0 1422
0 1423
0 1424
0 1425
0 1426
0 1427
0 1428
0 1429
0 1430
0 1431
0 1432
0 1433
0 1434
0 1435
0 1436
0 1437
0 1438
0 1439
0 1440
0 1441
0 1420
0 1421
0 1422
0 1423
0 1424
0 1425
0 1426
0 1427
0 1428
0 1429
0 1430
0 1431
0 1432
0 1433
0 1434
0 1435
0 1436
0 1437
0 1438
0 1439
0 1440
0 1441
0 1425
0 1426
0 1427
0 1428
0 1429
0 1430
0 1431
0 1432
0 1433
0 1434
0 1435
0 1436
0 1437
0 1438
0 1439
0 1440
0 1441
0 2723
0 2724
0 2725
0 2726
0 2727
0 2728
0 2729
0 2730
0 2731
0 2732
0 2733
0 2734
0 2735
0 1412
0 1413
0 1414
0 1415
0 1416
0 1417
0 1418
0 1419
0 1420
0 1421
0 1422
0 1423
0 1424
0 1425
0 1426
0 1427
0 1428
0 1429
0 1430
0 1431
0 1432
0 1433
0 1434
0 1435
0 1436
0 1437
0 1438
0 1439
0 1440
0 1441
0 1422
0 1423
0 1424
0 1425
0 1426
0 1427
0 1428
0 1429
0 1430
0 1431
0 1432
0 1433
0 1434
0 1435
0 1436
0 1437
0 1438
0 1439
0 1440
0 1441
0 8701
0 8702
0 8703
0 8704
0 6568
0 6569
0 6570
0 6571
0 6572
0 6573
0 6574
0 6575
0 6576
0 6577
0 6578
0 6579
0 6580
0 6581
0 6582
0 6583
0 6584
0 6585
0 6586
0 6587
0 6588
0 6589
0 6590
0 6591
0 6592
0 6593
0 6594
0 6595
0 6596
0 6597
0 6598
0 6599
0 6600
0 6601
0 6602
0 3675
0 3676
0 3677
0 3678
0 3679
0 3680
0 3681
0 3682
0 3683
0 3684
0 3685
0 3686
0 3687
0 3688
0 3689
0 3690
0 3691
0 3692
0 3693
0 3694
0 3695
0 3696
0 3697
0 3698
0 3699
0 3700
0 3701
0 3702
0 3703
0 3704
0 2702
0 2703
0 2704
0 2705
0 2706
0 2707
0 2708
0 2709
0 2710
0 2711
0 2712
0 2713
0 2714
0 2715
0 2716
0 2717
0 2718
0 2719
0 2720
0 2721
0 2722
0 2723
0 2724
0 2725
0 2726
0 2727
0 2728
0 2729
0 2730
0 2731
0 2732
0 2733
0 2734
0 2735
0 1412
0 1413
0 1414
0 1415
0 1416
0 1417
0 1418
0 1419
0 1420
0 1421
0 1422
0 1423
0 1424
0 1425
0 1426
0 1427
0 1428
0 1429
0 1430
0 1431
0 1432
0 1433
0 1434
0 1435
0 1436
0 1437
0 1438
0 1439
0 1440
0 1441
0 1424
0 1425
0 1426
0 1427
0 1428
0 1429
0 1430
0 1431
0 1432
0 1433
0 1434
0 1435
0 1436
0 1437
0 1438
0 1439
0 1440
0 1441
0 1413
0 1414
0 1415
0 1416
0 1417
0 1418
0 1419
0 1420
0 1421
0 1422
0 1423
0 1424
0 1425
0 1426
0 1427
0 1428
0 1429
0 1430
0 1431
0 1432
0 1433
0 1434
0 1435
0 1436
0 1437
0 1438
0 1439
0 1440
0 1441
0 286
0 287
0 288
0 289
0 290
0 291
0 292
0 293
0 294
0 295
0 296
0 297
0 298
0 299
0 300
0 301
0 302
0 303
0 304
0 305
0 306
0 307
0 308
0 309
0 310
0 311
0 312
0 313
0 314
0 315
0 9113
0 9114
0 9115
0 9116
0 9117
0 9118
0 9119
0 9120
0 9121
0 9122
0 9123
0 9124
0 9125
0 9126
0 9127
0 9128
0 9129
0 9130
0 9131
0 9132
0 9133
0 9134
0 9135
0 9136
0 9137
0 9138
0 9139
0 9140
0 9141
0 9142
0 9143
0 9144
0 9145
0 9146
0 9147
0 9148
0 8672
0 8673
0 8674
0 8675
0 8676
0 8677
0 8678
0 8679
0 8680
0 8681
0 8682
0 8683
0 8684
0 8685
0 8686
0 8687
0 8688
0 8689
0 8690
0 8691
0 8692
0 8693
0 8694
0 8695
0 8696
0 8697
0 8698
0 8699
0 8700
0 8701
0 8702
0 8703
0 8704
0 8192
0 8193
0 8194
0 8195
0 8196
0 8197
0 8198
0 8199
0 8200
0 8201
0 8202
0 8203
0 8204
0 8205
0 8206
0 8207
0 8208
0 8209
0 8210
0 8211
0 8212
0 8213
0 8214
0 8215
0 8216
0 8217
0 8218
0 8219
0 8220
0 8221
0 8222
0 8223
0 8224
0 6568
0 6569
0 6570
0 6571
0 6572
0 6573
0 6574
0 6575
0 6576
0 6577
0 6578
0 6579
0 6580
0 6581
0 6582
0 6583
0 6584
0 6585
0 6586
0 6587
0 6588
0 6589
0 6590
0 6591
0 6592
0 6593
0 6594
0 6595
0 6596
0 6597
0 6598
0 6599
0 6600
0 6601
0 6602
0 3675
0 3676
0 3677
0 3678
0 3679
0 3680
0 3681
0 3682
0 3683
0 3684
0 3685
0 3686
0 3687
0 3688
0 3689
0 3690
0 3691
0 3692
0 3693
0 3694
0 3695
0 3696
0 3697
0 3698
0 3699
0 3700
0 3701
0 3702
0 3703
0 3704
0 2702
0 2703
0 2704
0 2705
0 2706
0 2707
0 2708
0 2709
0 2710
0 2711
0 2712
0 2713
0 2714
0 2715
0 2716
0 2717
0 2718
0 2719
0 2720
0 2721
0 2722
0 2723
0 2724
0 2725
0 2726
0 2727
0 2728
0 2729
0 2730
0 2731
0 2732
0 2733
0 2734
0 2735
0 1412
0 1413
0 1414
0 1415
0 1416
0 1417
0 1418
0 1419
0 1420
0 1421
0 1422
0 1423
0 1424
0 1425
0 1426
0 1427
0 1428
0 1429
0 1430
0 1431
0 1432
0 1433
0 1434
0 1435
0 1436
0 1437
0 1438
0 1439
0 1440
0 1441
0 2711
0 2712
0 2713
0 2714
0 2715
0 2716
0 2717
0 2718
0 2719
0 2720
0 2721
0 2722
0 2723
0 2724
0 2725
0 2726
0 2727
0 2728
0 2729
0 2730
0 2731
0 2732
0 2733
0 2734
0 2735
0 1412
0 1413
0 1414
0 1415
0 1416
0 1417
0 1418
0 1419
0 1420
0 1421
0 1422
0 1423
0 1424
0 1425
0 1426
0 1427
0 1428
0 1429
0 1430
0 1431
0 1432
0 1433
0 1434
0 1435
0 1436
0 1437
0 1438
0 1439
0 1440
0 1441
0 2729
0 2730
0 2731
0 2732
0 2733
0 2734
0 2735
0 1412
0 1413
0 1414
0 1415
0 1416
0 1417
0 1418
0 1419
0 1420
0 1421
0 1422
0 1423
0 1424
0 1425
0 1426
0 1427
0 1428
0 1429
0 1430
0 1431
0 1432
0 1433
0 1434
0 1435
0 1436
0 1437
0 1438
0 1439
0 1440
0 1441
