167 319 228 284 
321 542 323 372 428 471 
753 1012 808 
1419 1596 1452 1488 1524 
2030 2125 
2131 2715 2214 2352 2389 2428 2465 
2753 2955 2767 2809 2848 2913 2950 
3080 3242 3195 
3328 3733 3370 3423 3464 3594 3666 3706 
3860 4071 3892 3991 4027 4060 
4233 4278 
4762 5156 4763 4816 4868 4911 5014 5131 
5187 5574 5522 5562 
5600 5694 5612 
6267 6573 6479 6518 
6826 6882 
7116 7601 7307 7342 7374 7408 7440 7473 7573 
7714 7830 7722 7813 
8015 8219 8041 8152 8203 
8259 8312 8273 8308 
8329 8383 8343 8377 
8390 8567 
8590 8971 8819 8855 8886 
8986 9062 
9068 9321 
9355 9557 
9561 9766 9564 9596 9677 
9781 9842 9805 
9848 10035 9941 9978 
10045 10099 
10103 10269 10159 10204 
10331 10434 
10537 10908 10543 10591 10633 10688 10801 
11141 11459 11174 11212 11252 11285 
11474 11560 11558 
11571 11676 11605 
11689 11752 11708 
11777 11977 11800 11847 11883 
11992 12266 11998 12033 12131 12162 12222 12260 
12314 12401 12336 12369 
12424 12711 12444 12483 12526 12569 12697 
12852 13045 12859 12932 12981 13027 
13064 13207 13071 13171 
13209 13460 13236 13277 13320 13352 13398 13435 
13477 13717 13481 13520 13643 
13740 14054 13772 13804 13864 13931 13977 
14084 14206 14164 
14335 14658 14443 14479 14631 
14672 14902 14690 
14967 15182 14976 15015 15057 15088 15175 
15471 15795 15551 
17059 17127 
17645 17784 17660 17694 
17836 18057 17855 
18094 18148 
18719 18787 
19052 19146 
19764 19821 
20184 20287 20246 20283 
20566 20845 
21057 21279 
22679 22926 22711 22833 
22931 22989 
22993 23281 23169 23216 
23290 23367 
23424 23548 23508 
23557 23597 23565 
23603 23783 23636 23695 23729 23761 
23787 23832 
23859 23957 23893 
23963 24210 23969 24036 24070 24147 24207 
24284 24382 24301 24377 
24388 25242 24472 24524 24562 
25264 25449 25399 25442 
25454 26352 25460 25506 25561 25602 25643 25675 25714 25756 25797 26158 26284 26339 
26426 27239 26468 26505 26593 26651 26734 26821 26877 26917 26965 27044 27075 27122 27168 
27272 27562 27429 27488 27535 
27602 28364 28096 28155 28256 28298 
28385 28545 28437 28494 28538 
28552 28626 
28671 29114 28766 28941 28972 29101 
29121 29191 
29194 29789 29212 29296 29399 29482 29536 29585 29660 29694 29765 
29810 30223 29814 29852 29886 29975 30036 30068 30106 
30235 30634 30325 30381 30434 30497 30546 30577 30621 
30636 30705 30648 
30719 30775 
30779 31119 30794 30885 30929 30985 
31660 31730 
31806 31925 
33191 33249 
33485 33548 
34058 34164 
34633 34721 34714 
34737 34996 34749 34885 34918 
35049 35114 35084 
35256 35293 
35302 35371 
36831 37009 36971 
37014 37088 37019 
37110 37533 37284 37371 37418 37491 
37746 37785 37751 
37788 37873 37799 37870 
37906 38008 37936 37990 
38025 38452 38048 38082 38137 38311 38363 38428 
38458 39032 38484 38742 38810 38872 
39113 39156 39135 
