143 533 512 
698 1420 739 775 808 1068 1118 1199 1259 1369 
1930 2374 2262 2354 
2425 2520 
2583 2939 2620 
2971 3639 3515 3577 
3665 4145 3678 3774 3880 3968 3999 4053 4102 
4151 5198 4187 4227 4267 4325 4386 4430 4538 4651 4701 4738 4814 4846 4881 4918 5015 5151 
5211 5331 5225 5267 
5337 5407 
5959 6027 
6031 6271 
6274 6406 6289 
6716 7353 6744 6886 6929 7203 7263 
7381 7750 7433 7492 7523 
7857 8823 8287 8319 8588 8622 8674 8715 
8832 9679 8839 8870 8915 8963 9007 9070 9126 9194 9237 9408 9452 9491 9546 9606 9655 
9705 10109 9803 9853 9927 10015 10081 
10238 10451 10264 10319 
10472 11316 10671 10724 11038 11084 11117 11151 11202 11243 11276 
11400 11470 
11571 11708 11591 11628 11675 
11931 11976 
12483 12553 
12564 12871 
13115 13499 
13781 14639 13790 13839 13873 14015 14100 14155 14273 
14751 14945 
15252 15796 15305 15352 15493 15539 15659 15695 15764 
15826 16187 15863 15989 16118 
16598 16683 16657 
16796 17242 16840 16891 17016 17053 
17585 17813 17697 
18002 18128 18008 
18377 18493 18391 
18577 19059 18594 18678 18731 18790 18847 18890 18921 
19299 19577 19496 
19674 20205 19719 19754 19793 19855 19888 20000 
20338 20643 20410 20469 20521 
21105 21177 21131 
21179 21270 21190 
22187 22440 22193 22235 22352 22425 
22449 22794 22509 22549 22739 
22904 23208 22968 23091 23127 23200 
23371 23595 23403 23476 
24180 24323 
24439 25170 25039 
25175 25575 25229 25293 25327 
25600 25942 25749 25787 25882 
26380 26625 
27082 27817 27110 27148 27423 27472 27620 27662 27729 27760 
28057 28363 28081 28141 
28369 28443 
28508 29167 29081 
29222 29335 29242 
29382 30309 29422 29466 29546 29596 29644 29681 29713 29796 29865 29908 29947 30009 30070 30106 30153 30260 
30320 30754 30329 30379 30438 30474 30524 30562 30600 30682 30738 
30996 31072 31013 
31211 31256 
31947 32076 
32173 32236 
32330 32682 
32767 33169 32840 32875 32928 32980 33096 
33243 33437 33290 33334 33408 
33527 33740 33539 33598 33692 
33755 33879 33871 
33886 34159 34051 
34735 34834 34795 34827 
34941 35004 34965 
35049 35441 35064 
