499 851 
1028 1669 1448 1498 1556 1595 1627 
1774 1922 1791 1880 
3431 3792 3581 3639 3718 3749 
3838 3867 
3867 3912 
4252 4490 4261 4302 4333 
4520 4859 4587 4634 4672 4706 
4899 5365 4957 4998 5256 
5458 5947 
6446 7024 6811 6886 6927 6967 7000 
7692 8381 8031 
8390 8940 8423 8470 8658 8705 
9079 9530 9108 9139 9179 9218 9252 9328 9388 9419 
9669 9726 
10019 10371 10090 10257 10288 10346 
10415 10552 10447 10507 
10599 11132 10664 10705 10742 10865 10926 10980 11023 
11216 11438 
11450 11758 
11794 11897 11799 
11963 12215 11990 12161 
12879 13078 
13272 13518 
13554 13666 13664 
14003 14087 
14197 14429 
14454 14975 14762 14814 14850 14910 14954 
15063 15666 15142 15187 15229 15390 15443 15498 15554 15614 
15700 15852 15717 15753 15804 
15993 16277 16021 16112 16150 16236 16270 
16539 17647 16690 16799 17017 17048 17199 17513 17595 17646 
17680 17851 17742 17790 
17964 18942 17982 18255 18295 18379 18411 18475 
18995 19069 
19088 20148 19101 19144 19195 19246 19296 19329 19497 19533 19588 19910 19987 20019 20139 
20422 21237 20493 20539 21033 
21291 22151 21418 21469 22074 22107 
22179 22727 22194 22309 22683 
22745 23486 22752 22895 23026 23088 23298 
23493 23752 23509 23547 
23975 24159 23992 24043 24084 24135 
24190 24336 24211 
24344 24414 
24420 24534 
24586 24952 24600 24634 24728 24803 24842 24878 24909 
24958 25024 24959 
25074 25456 25087 25126 25157 25375 25407 25455 
25515 25623 25532 25602 
25628 25720 25633 
25800 26254 25936 26252 
26330 26787 26338 26396 26466 26523 26563 26619 26673 26708 26759 
26810 27387 26831 26879 26926 26973 27021 27059 27259 27333 
27430 28047 27441 27553 27588 27628 27695 27737 27802 27837 27875 27927 27972 
28123 29114 28151 28198 28288 28385 28464 28610 28653 28712 28799 
29122 29428 29152 29221 29288 29334 29402 
30033 30309 30194 30225 
30324 30798 30338 30504 30540 
30842 31502 31034 31065 31171 31355 31394 
31512 31807 31702 31742 31778 
31908 32874 31918 32032 32082 32114 32167 32329 32394 32456 32504 32542 32575 32619 32652 32714 32754 32822 
32924 33729 32951 32998 33038 33090 33154 33228 33262 33321 33377 33480 33514 33580 33673 33705 
33827 33899 33832 33865 
33901 34807 33911 34134 34183 34279 34320 34366 34436 34479 34519 34710 34747 
35145 35199 
35376 36278 35382 35440 35476 35517 35550 35597 35659 35697 35743 35867 36196 36276 
36353 36422 36360 
36437 36483 
36488 37031 36576 36621 36677 36797 36863 36947 
37166 38002 37194 37310 37350 37496 37589 37638 37686 37775 37819 37855 37887 37968 
38079 38625 38154 38219 38347 38403 
38644 38711 
39528 40032 39686 39725 39864 39917 39953 
40040 40127 
40233 41006 40579 40622 40659 40709 40750 40840 40906 
41038 41754 41166 41575 41625 41744 
41758 42241 41766 41996 42059 42171 42204 
42525 42850 42573 42611 42653 42687 
