202 278 
752 860 
1041 1149 
1275 1926 1603 1645 1689 1780 
1956 3146 2421 2586 2650 2685 2790 2826 2892 2939 3009 3045 3081 
3706 4012 
5089 5493 
5508 5630 5524 5555 5618 
5772 5993 
6004 7045 6019 6091 6136 6171 6329 6974 7041 
7924 8465 8049 8080 
8661 8978 8721 8828 
9342 10284 9592 9728 9763 
10914 11118 
11127 11327 11298 
11635 12010 
12060 12202 
12232 12331 
12352 12398 
12535 12870 
12902 12986 
13051 13227 
13440 13860 13612 13650 13768 
14650 15027 
15388 15478 15419 15463 
15588 15630 
15662 16016 15691 15919 16000 
16815 16895 
17358 17591 
17606 18015 
18063 18185 
18655 18771 
19049 19572 19394 19473 
19667 19931 19787 
19939 21079 19944 19993 20048 20109 20147 20178 20249 20330 20574 
21132 21197 
21374 21486 
21572 21764 
21916 22213 21992 22098 22135 22197 
22468 23654 22479 22541 22601 22646 22727 22777 22814 22845 23259 23322 23356 23456 23488 
23716 23796 
24102 24772 
25219 25293 
25517 25569 
25637 25784 25658 25746 
26449 26497 
26788 27386 27328 
27386 28309 27564 27639 27671 27780 27856 27931 28058 28095 28191 28226 
28328 28431 28348 28390 
28445 28742 28492 28527 28558 28603 28651 28737 
28961 29216 28982 29022 29092 29140 29172 29204 
29277 29330 
29451 29501 
29704 29788 
29835 30292 
30304 30659 
30840 30907 30873 
31006 31076 31014 31071 
31198 31244 31209 31244 
31323 31422 31340 31390 
31433 31472 31458 
31475 31557 31501 
31563 31721 31593 31646 
31858 32901 31885 31922 32039 32182 32217 32294 32331 32375 32425 32495 32620 32651 32700 32797 32849 
33008 33080 33010 
33201 33249 33234 
33255 33725 33277 33339 33372 
33805 34055 33857 
34258 34492 34350 34421 34452 
34637 35639 34677 34718 34778 34831 34882 35081 35120 35180 35231 35326 35364 35430 35502 35564 35620 
35741 35852 35755 35812 
35903 37144 36067 36114 36291 36338 36469 36533 36605 36645 36794 36828 36892 37014 
37256 37545 37303 37403 37491 
37549 38163 37610 37663 37723 37786 37889 37943 38017 38074 38129 
38243 38359 
38727 39476 38804 38990 39100 39177 
39487 39578 39552 
39584 39864 39590 39666 39727 39777 39816 
39911 40719 39964 40027 40064 40104 40161 40212 40259 40322 40381 40457 40518 40569 40604 40649 
40985 41073 
41145 41669 41232 41300 41435 41563 
41718 41964 41747 41790 
