37 157 111 
309 387 368 
393 629 426 508 
646 1082 665 1072 
1129 1774 1177 1214 1247 1400 1450 1628 1699 1740 
1804 1884 1808 
1897 2706 1965 2318 2370 2401 2472 2503 2545 2602 2698 
2752 2822 2754 
2951 3048 
3069 4144 3664 3768 3811 3849 3880 3999 
4146 4400 4353 
4404 4523 4453 4494 
4525 6362 4655 4707 4740 4808 4879 5224 5283 5321 5454 5498 5541 5575 5613 5760 5819 5858 5891 5927 5982 6030 6070 6160 6192 6275 6314 
6370 6703 6372 6451 
6709 6776 
6789 7500 6840 6886 7089 7212 7331 7392 7441 
7505 7608 7567 
7610 7790 7736 7777 
7797 8513 7820 7872 7926 8070 8112 8396 8451 8484 
8516 9605 8559 8681 8737 8815 8882 8921 8962 8996 9030 9068 9188 9240 9278 9321 9363 9419 9549 9593 
9626 10240 9752 9790 10069 10119 10198 
10264 10325 10273 
10330 10813 10446 10607 10671 10716 10747 10783 
10914 10972 
10978 11272 10987 11032 11232 
11303 11704 11333 11370 11433 11474 11520 11576 11634 
11894 12083 11976 12053 
12098 12261 12118 12154 12202 12240 
12263 12584 12269 12336 12367 12441 12493 12534 
13461 13510 
14031 14207 14126 14169 
14980 15075 
16131 16433 16140 16193 16233 16340 16378 
17175 17442 
17475 17773 
18124 18196 18177 
18906 19111 18917 18963 
20184 20357 
20958 21071 
22278 22377 22285 
23426 23461 
24636 24704 
25474 25826 25668 25739 25780 
25981 26072 
26302 26360 
27392 27497 
28174 28241 
29052 29209 29115 29155 
30905 31026 30977 
34022 34081 
34329 34395 
34855 34916 
35027 35087 
36353 37195 36357 36411 36637 36678 36753 36815 36894 36974 37021 37061 37117 
37384 37440 
37639 37696 37647 37684 
38207 38265 
38748 39134 38891 38923 38973 39061 
39987 40166 40035 
40420 40791 40686 40773 
40792 40957 
41126 41185 
41593 41736 41627 
