125 439 
450 525 
540 835 574 612 645 725 778 826 
924 989 
1156 1280 
2586 3540 2735 2777 3046 3083 3117 3294 3332 3486 
3612 3667 3633 
3673 3764 3674 3723 3760 
3770 4366 3859 4141 4191 4235 4281 4353 
4386 5439 4504 4547 4745 4788 4852 5174 5239 5305 5384 
5452 5993 5468 5534 5593 5667 5788 5854 5962 
5999 6985 6453 6491 6539 6570 6662 6702 6774 6832 6863 6945 
7084 7466 7092 7360 7404 7435 
7700 7835 
7925 8416 7944 7989 8069 8128 8178 
8765 9563 8795 8842 8919 9025 9092 9257 9383 9491 9543 
9570 10025 
10033 10105 
10303 10978 10321 10368 10412 10483 10576 10675 10747 10779 10830 10967 
11051 12860 11072 11563 11625 11685 11746 11799 11999 12402 12508 12582 12675 12766 12832 
12879 13364 12899 12988 13070 13255 13306 
13474 13526 
13542 14299 13560 13633 13849 13922 13990 14021 14188 14264 
14339 14382 14370 
14394 15516 14430 14525 14579 14628 14681 14727 14849 14896 14952 15020 15129 15164 15206 15254 15365 15401 15438 15481 
15653 15712 15696 
15724 16291 15885 15936 16011 16077 16112 16168 16207 16266 
16346 16649 16351 16390 16444 
18020 18169 
18741 19471 18829 18881 19104 19188 19243 19341 19414 19468 
19498 19585 19524 
20449 20629 20555 20603 
20791 21273 20798 20833 20926 
21302 21675 21338 21393 21456 21516 21569 
21795 22906 21878 21939 21997 22102 22155 22216 22319 22356 22394 22438 22517 22561 22617 22655 22695 22752 22820 22883 
24169 24279 
24459 24515 
24520 25409 24916 24989 25038 25230 25278 25310 25368 
25445 26224 25541 25778 25833 25871 26104 26153 
26291 26948 26311 26452 26531 26582 26618 26714 26751 26789 26825 26857 
26948 27016 26975 27006 
27026 27799 27035 27107 27195 27229 27273 27307 27343 27385 27724 
27814 28450 27829 27868 27956 28129 28206 28264 28305 28337 28369 28402 
28635 28734 28665 28721 
29082 29362 29096 29297 
29497 30774 29508 29553 29604 30017 30060 30115 30198 30229 30327 30369 30403 30457 30504 30541 
30831 30917 
31320 32185 
32208 33264 32295 32390 32478 32511 32598 32678 32710 32746 32780 32811 32944 33010 33159 33211 33242 
33490 33549 
33996 34101 
34666 35288 34736 34869 34959 34996 35124 
35467 36120 35490 35522 35689 35838 35874 
36143 36210 
36252 36332 
36482 37148 36500 36645 36693 36726 36804 
37361 37406 37364 
37481 37884 37497 37531 37590 37820 
37946 38142 37952 37998 38060 38130 
38155 38239 
38243 38308 
38365 38536 
38540 38620 
38667 39198 38994 
39270 39341 
39458 40619 39486 39528 39858 40033 40271 40322 40387 40450 40604 
40923 41140 40980 41056 
41163 41308 41200 
