398 626 480 526 
710 771 717 
1178 1598 
1603 1910 
1917 2005 
2321 2710 
2851 3496 3250 3292 3323 3413 
3503 5066 3975 4008 4150 4350 4416 4468 4517 4907 
5130 6068 5299 5363 5734 5945 
6088 6920 6145 6180 6214 6566 6600 6635 6718 6866 
6933 7213 7004 7069 7105 
7765 7872 
7969 8276 8035 8075 8120 8151 
8335 8926 8349 8380 8423 8490 8532 8568 8608 8653 8748 8795 8834 
8953 9158 8968 9010 
9162 9379 9170 
9381 9429 
9455 9986 
10156 10251 
10302 10407 10322 
10443 10553 10464 
10588 10709 
10715 11933 10727 10777 10819 10876 11255 11632 11666 11816 
11990 12581 12342 12375 
12600 13165 12878 13052 13113 
13184 13554 13275 13308 
13592 14421 13622 13869 13903 14070 14131 14222 14257 14348 14414 
14436 14889 14486 14623 14670 14835 
14897 15270 14918 14963 15020 15075 15128 15163 
15306 15995 15431 15470 15505 15554 15588 15854 15938 15992 
16037 16737 16158 16244 16291 16358 16403 
16855 17367 16897 16939 17041 17081 17134 17193 17231 17311 
17884 17998 
18195 18433 
18443 18577 18452 18484 
18655 18697 
18750 19367 18826 18890 19029 19086 19162 19198 
19514 19656 19521 19566 
19801 20827 19976 20052 20163 20469 
20835 21164 20862 20904 21018 
21166 21318 21290 
21598 21659 
21773 21834 
22077 22631 
22694 22958 
23139 23569 23464 23508 23542 
23596 23784 23599 23630 
23959 24690 24348 24384 24528 24561 24592 24636 24673 
24705 25265 24813 24905 24963 25005 25103 25158 25214 25265 
26732 27567 26742 26774 26910 26948 26984 27034 27123 
27571 28576 27592 28076 28110 28345 28440 28492 28531 
29396 30266 29572 29643 29712 29751 29792 29890 30042 30077 30121 
30607 31229 
31284 31379 
31463 31537 
32038 32106 
32319 33436 32330 32549 32634 32665 32702 32794 32847 33074 33142 33262 33311 33343 
33446 33937 33482 33526 33572 33604 33645 
33945 34752 33979 34017 34070 34101 34133 34678 34738 
34792 36147 35101 35158 35206 35255 35287 35378 35490 35554 35618 35653 35687 35739 35778 35836 35887 35947 35994 36062 36093 
36403 37032 36854 
37089 37721 
37724 37793 
37814 37915 
37922 38255 38022 38054 38110 38161 38234 
38265 38366 38295 38349 
38516 38554 
38556 38600 
38670 38813 
38961 39102 
