437 467 
485 755 606 610 639 647 689 693 
755 797 756 767 
797 965 812 830 839 845 852 869 884 909 921 922 923 961 963 
1235 1367 1243 1246 1249 1266 1267 1269 1270 1271 1360 1361 1363 1365 
1444 1619 1458 1546 1604 1610 
1783 1893 
1893 1992 1918 1953 1960 
3470 3644 3545 3563 3580 
3953 4070 3968 
4113 4234 
4434 4481 
4571 4746 4728 
5068 5558 5237 5284 5334 5345 5415 5470 5478 5500 5520 5547 
5560 5679 
6145 6201 
6625 6946 6671 6732 6899 
7233 7327 
7902 8121 7940 7948 7949 7951 7964 8002 8011 8048 8056 8099 8102 
9736 10239 10182 10224 
11127 11198 11139 11169 
12992 13568 12996 12997 12999 13394 13451 13509 13530 
13631 13794 13672 13677 13678 13697 13781 13782 13790 13792 
14159 14256 14166 14235 
15763 16256 15886 15929 15931 15970 15972 15990 16028 16042 
16619 16756 16624 16643 16673 16705 16716 16747 
19119 19375 19143 19166 19191 
19979 20120 20086 20099 20100 20101 20115 20118 20119 20120 
20129 20235 20153 20221 20235 
20386 20624 20567 
21741 22002 
23057 23128 
23401 23780 23621 23661 23677 23701 23702 23703 
24507 24606 24514 24515 24516 24566 24571 
24616 24768 
24803 24959 24946 24952 
24977 25106 25026 25030 25099 25105 
25889 25975 
26202 26432 26282 26313 26349 26363 26415 26427 
26436 26900 26438 
27055 27122 
27221 27370 27265 27276 27309 27342 27350 
27860 28418 28045 28119 28137 28138 28139 28182 28200 28226 28247 28318 28331 28332 28336 28360 28375 
28862 28975 28865 28925 28959 28960 28965 28966 
29569 29848 
29854 29974 
29977 30125 30104 
30131 30229 30217 30218 30219 
30235 30837 30358 30463 30480 30502 30564 30568 30669 30687 30708 30808 30813 
31983 32198 32057 32107 32108 32109 32110 32113 32114 32115 32116 32117 32120 32121 32124 32125 32157 32173 
32301 32420 32353 32368 
32478 32794 32490 32500 32536 32556 32618 32639 32669 
33186 33625 
33696 33799 
33881 33976 
34144 34545 34232 34233 34236 34239 34240 34241 34243 34245 34246 34247 34264 34394 34421 34443 34465 34508 
35607 35873 35660 35769 35780 35794 
35879 36235 35890 35909 35922 35924 35925 35951 35955 36058 36072 36073 36074 36147 36151 36225 
36847 37447 36872 36891 36904 37030 37039 37047 37048 37069 37071 
37452 37705 37532 37539 37603 37621 37645 37648 37664 37693 
37712 37838 37722 37725 37758 37778 37790 37812 
38753 38943 38786 38823 38869 38889 38902 38916 38918 
39560 39912 39629 39665 39716 39734 39769 39820 39847 39858 39912 
39940 40048 
40052 40585 40235 40241 40260 40331 40343 40345 40346 40348 40354 40356 40357 40358 40376 40439 40452 40583 
40792 41453 40938 40939 41266 41267 41268 41269 41436 41439 
41494 41694 41623 41644 41665 
42020 42683 42421 42422 42423 42571 42576 42642 42649 42679 
43309 43381 43316 43373 43374 43375 
43881 44021 43923 43924 43956 43982 43989 43991 43993 43994 43995 44006 44015 44016 44017 
44029 44192 44037 44049 44135 44136 44138 44141 44142 44143 44144 44186 
44369 44471 44466 44467 44468 
