584.4703165712579 509.1482057052469 171.61438448007277 -32.23427399009352 -123.3657797806073 467.85817393731134

441.2798293340635 459.95780130801825 108.0198104870424 -267.29574925517 7.1729838388948375 256.0274113982134

362.1670704420486 432.9707254382759 -132.37898825358278 374.27180868178283 211.25972566232224 138.34404717081404
373.2896339530711 437.0657857180727 223.04951324365504 -374.4545510054637 -83.61729425708214 162.85392671054817
359.1817741270805 433.4492820376833 239.7141653314867 -14.362243818406007 816.962087728548 152.98480146241386
447.7336814478207 464.868320477044 82.86460113537416 -65.0769294532538 120.47654267418817 286.980552926931
406.56020933564474 446.8263474495041 439.6700417330547 -73.15984538367667 283.2470074408777 198.1903741910999
396.6511190712216 442.49394518244713 219.29197851420906 -65.194154376526 -95.47613911206638 170.91112589957623
229.25347571405445 388.410729617245 -115.10163629431196 367.0410526768747 214.69352016489637 -33.20800360699226

426.96974496999616 452.53993604583576 123.38439579508665 129.4407879094937 45.67687605813048 217.05689687984773

491.55917454093617 475.4770020663184 -42.0130513170702 -232.40412738143493 -21.51480431190321 314.71310490778745

509.92564857497837 481.4221991049161 -83.97716636160433 305.99003883436876 172.19643179507293 341.7538452458864
383.2979798087693 437.6082118567019 150.14053973188877 49.188036869757475 145.7973433815811 157.3555785343676
569.0021559406164 505.4196438202123 156.94642686694203 -48.00743606661817 155.39404198870199 459.20646107242
370.622809244855 436.15175917979707 265.93211533074685 -1019.1604512832864 107.86320589996794 158.1397294222095
362.1670704420486 434.4368047956748 108.39499248320128 -14.373434252269352 -176.62212136944456 154.1932549224864
527.1459912378155 491.86593097262136 166.79372841913613 -417.9565949494948 41.148347438435664 403.8999445952874
373.2896339530711 440.28523669545973 313.00952584621837 -89.3632514690902 128.46760464024035 181.58994346085785
513.2262782217954 490.47278087452423 140.0228174928812 -784.7659178392704 12.192300639625936 401.83899707957335
408.42942263685995 454.41518260836233 -22.36998221733206 351.8593117159859 168.06045442789005 240.80052372238532

313.98326175277475 422.1577936379017 -257.68095773839786 420.0634380674695 234.97016988770997 110.25917561419057
362.1670704420486 439.58791575172773 211.8315181488397 -387.39057058657954 118.96774633249929 180.61752242323504

9.531017980432493 477.0533741634761 295.504348899697 780.6280220862091 463.5187508150829 341.2744991670182
398.71304779149517 453.56425014551564 236.95554698677816 -494.3863572252184 81.75525653722991 241.59439682557974
370.622809244855 442.11348559459987 235.71723063005527 -188.56243164918902 -84.37294703595788 192.76077356847082
148.16045409242156 380.52864389059016 -142.9522898515422 395.64362454217746 237.80826548110153 -37.066862673253326

458.39465495364647 470.3609126393709 46.0608985386081 245.31146717025695 178.4635380874606 311.49637298492513
573.7217250742439 508.1778460858424 294.4313476388083 -56.09502360686044 186.85576216977685 475.9084057719666
400.73331852324714 449.01081514344474 68.95476185042557 -289.43266974993253 40.70289664491172 220.33052492320618
387.9499813722586 447.8110498890546 329.6256953965861 -144.46723985461264 166.89562268176383 218.90955830279984
392.395157629342 451.29872504959445 139.8989710554853 -68.73468323181396 -121.81216000593473 232.29520214295016
437.19762988203803 464.8199169721142 134.3873435626615 -147.31918133066324 70.85823981236497 286.2980709563688
266.0259537265861 406.36142119276985 39.65110133655653 10.359465495707253 99.09328983066375 45.36938864978667

486.599480426999 479.5015691001898 90.17590438926048 134.2461614276257 143.18006991989975 345.1460914023802
385.6510295497887 442.0376624371515 271.10547409406956 13.540074550402872 161.30490835924928 180.15059138567386
538.357721049886 495.3582139110755 190.29010823053846 -595.407961501684 3.5880917107433343 407.3839008771546
385.6510295497887 442.49475462482366 248.68122856773965 -293.8889544484299 -133.14511212629643 185.1392490666806
425.4193263163997 457.48267654843914 29.595066108344785 -170.97237167005983 -39.088393093009884 253.9952705967151
586.9861725348733 515.5118263059959 201.6053663569457 -73.52775031399457 103.73494980197839 510.5770302607225
426.96974496999616 461.4055477466722 347.1559803823702 -129.4139768908863 -15.792220976081234 276.3213102909401
428.4964921830751 463.0926160150463 102.96776225868875 -1296.1802557615238 -82.03995587704885 285.3148157550373
446.47580322713463 469.031547972141 196.30481494374163 -260.7242058461075 26.70711679332146 309.4335661764508
410.2643365036796 456.62448936632404 129.16131838158645 330.10128598109844 146.9531189255642 256.38511756980347

286.78989020441065 414.9813704620226 -113.61118724349318 395.9952581349376 222.2783670601726 87.11338532865513
428.4964921830751 462.78230357313754 486.6442803318722 -373.3335831458064 796.9349890010208 283.38287041288106
417.28476237100443 458.2693948006347 202.1215084184576 -311.59284998059917 579.0640708774611 258.4944470138959
439.9375273008495 465.61385485227834 149.19601874362957 -215.21763901833765 14.531781753964527 287.31368749636357
489.1100725401066 482.2198393938096 230.4462883124822 -221.59397350584595 124.38151585368686 358.203904742125
428.4964921830751 456.3507128456262 420.0956109299173 -268.155646306983 155.6239284273992 234.31887695449595
477.74414069285444 470.60755665294363 383.4208435877753 -252.43224122566218 81.6713922347928 292.1573660963185
352.9297384289471 426.9663081372989 45.605921879871794 4.272639401130082 38.33560526997325 108.37115893449025

621.3407377845673 523.0845165241292 348.290127298684 -35.5905477436648 121.83872258520701 526.9862313465977
373.2896339530711 436.62093521128674 293.80923074127884 -1094.662469999132 105.36609239366747 151.73226042626186
396.6511190712216 447.2500391377669 214.1246900139011 -71.78270456610703 -38.16349233067907 200.70671828528327
352.9297384289471 434.6948688545094 57.09106567139356 -303.8027459939701 17.097207965891446 149.8618298837659
461.7098756853365 472.7958525325011 441.14875449048776 -66.397096311603 275.6243483460362 317.70896250270965
378.4189633918261 445.39887408546105 77.77366671209333 -12.019787856585674 190.36189308582792 195.38179264670333
437.19762988203803 464.36098238604524 213.42951468759946 -200.9419007539738 121.19165742849809 277.2165389317382
415.57531903507436 455.91079204001534 183.19209425381786 -516.3641727623782 -86.50121333277848 240.30729458873049
352.9297384289471 434.73596570410524 188.39162503750987 -250.6933094844948 -21.894057978623227 149.2668803602079
450.2029427068578 468.05976093789 171.6592660850348 -328.2026491048369 4.289250479461698 291.192995710185
378.4189633918261 442.4019510773366 -20.124442969940695 263.678792123047 124.11269906992237 181.4904851687658

217.4751721484161 392.3032960022288 -93.26854081783868 358.6849901359284 230.14947391472248 -9.74228095113787
568.6297160315181 511.76354553212013 657.0842141186992 -919.6331194120248 718.9212646326072 493.12248424573613
387.9499813722586 440.96226173889886 146.29800501848135 -8.182353628679492 -93.75749437530413 156.00905687626076
352.9297384289471 428.68835493160987 235.43104649687655 -60.6813592386276 93.20023049014594 116.23507040723567
352.9297384289471 429.82259484501293 11.585889185806492 208.04372336638698 147.98842260172634 126.34224513541503

500.05849582427544 479.3426438806928 198.08748486992837 103.58690717953884 -27.754024890116412 325.65897935608297

303.9749158970765 413.2942051189864 -196.27041480543568 407.2087949827714 239.70340728241476 43.13468749027186
390.1972669574645 445.29416009710826 441.9526654478424 -24.936438502802325 288.4388132972377 188.85021615197672
447.7336814478207 468.99067040371676 112.63843976642991 -312.82776348780544 73.22413329488758 300.07659165434586
417.28476237100443 452.69069141933505 449.1547605566943 -493.28340561771694 222.5242744565623 220.75840552501927
400.73331852324714 444.9140235680266 216.7581610119675 61.806797086044774 20.40957431114698 175.49416476676925
556.7580853475799 499.1013323138528 298.03412652591754 257.93891773994983 93.01466553604779 419.85268063718524

349.650756146648 426.4843483909644 164.01791244655738 -527.3161203809615 -22.353894343394508 112.68068206036266
394.54577815143836 441.5385479887075 93.74303687133158 -346.7601796974891 0.3951587098475243 171.00539516723686
443.9115601658009 464.08224483071496 466.2225970532278 -782.8083852253653 216.69462902341786 277.0670444811069
475.8749273916392 479.62396300408045 181.48349321379513 -353.73099022829564 -43.16057556961862 349.364026382452
430.00027991952913 458.24559762584414 440.60450296160997 -215.10692997305944 262.6161309760766 247.60435923807492
520.1255653704906 487.21934733522454 179.36470492026274 -620.7063509875412 19.09182517959989 366.85440646521243
493.15920867558026 480.77678697783693 526.6764145464091 -64.14681043535468 312.76590874750514 346.1589640853577
477.74414069285444 475.5486545873888 381.2419969983421 12.743201867328487 -602.7448879614112 326.2805358217529
404.65538983857516 447.6976382883595 179.66316277663387 -77.54920094282865 -71.74036029353655 196.320137728116
309.1042453358316 415.56442034959423 -42.460456352758285 341.23766338974946 189.0736654484445 67.91582252450844

621.5607598755275 525.1454109241613 212.77007609776373 22.575657362685067 -128.4293715889024 540.6809385477668

437.19762988203803 459.03596361343045 -197.4617020359465 -232.29609812114666 -277.68988475547485 245.22177946383397

298.568193770049 412.38379799599426 -218.8973812329225 422.4995636654392 241.11048686990614 52.80104171975757
394.54577815143836 445.12445680416073 325.09176861354405 -672.3313265891366 151.68671572764845 194.35432393378727
387.9499813722586 443.8826555910732 329.4644022953803 -39.21991956737554 137.16586558083847 197.12033531072004
435.799005684564 461.2490271666456 -14.113733758619249 -223.63283890333204 -88.70432504103132 270.16290515693373
462.7909672957581 470.6504307839748 406.6574135156012 -187.5353835741727 186.9940584544493 309.90258547067964
469.04300299389143 474.15211758974516 407.05741381278654 -58.38590293516872 69.40801927816767 326.79374397943275
437.19762988203803 462.8942422876304 280.98823453195394 -202.07428325927964 -302.1056982546956 276.18618061634265
356.10460826040514 435.47557741751933 141.73650177730218 -226.48204790148222 -226.38007871225625 158.28436690184554
402.7135812528651 452.5984203302788 276.6490339592059 -172.96483806521047 9.29886070086635 230.3052453836088
501.529110563245 488.8109804560873 235.36035136100614 -295.5128287777499 88.53974580942202 391.6041494751021
249.32054526026954 404.8373302666873 97.7814843517291 558.0433469710582 406.5817902485716 37.40808726829695

313.98326175277475 416.44786051421426 -96.77761432305539 449.6228176412815 208.36268414043846 57.4128731325462
629.1754307598845 525.4703672925828 269.16579696203274 47.309510291352474 164.71547823670664 539.7274819377081
422.2444564849416 453.6949420215747 401.4201910857496 -345.45362964956604 188.49578517960163 224.52393173179271
418.9654742026425 457.8645748863818 420.22083525210536 -147.36560302216256 227.94526081821473 254.09895100857244
420.6184043977636 462.40710275694505 116.9322244906495 -384.01468060215274 -17.792171933697055 277.79880568093154
406.56020933564474 457.880319574291 142.79985541455395 378.0265258486414 341.87060030514107 257.26544028115677
539.3627546352362 502.6742322998877 282.8393275137099 213.29552657942457 301.2468633672462 453.2692768094413
609.4246741751008 527.1110888962954 399.4491615999245 -270.56663455658344 330.79677069258804 563.4578622666221
475.8749273916392 480.7480652983284 164.7179270466751 -124.56113465542222 84.43538614423059 352.9015046456495
439.9375273008495 468.6900067158512 491.9663234854122 -327.94117117333894 301.88852189092074 304.773246708198
462.7909672957581 476.45670736843925 456.27620548839474 -156.78828849679493 269.7188246816904 335.714771949099
460.61696863211756 474.036009706955 78.04492496015379 -210.83374488285304 -126.86173998273165 321.74511200230467
428.4964921830751 457.3319454764066 490.08754662384035 -145.39808272378056 243.3228015519832 237.0339909523505
342.7514689979529 426.5004198323334 141.2597820235139 451.24744391703507 365.7677175505266 88.57672324518255

309.1042453358316 414.459588254953 164.2032831986622 507.3453658068349 379.45499836160064 61.16465368955026
458.39465495364647 466.6277814282065 155.13105313069403 -218.05570365434272 18.506922132519907 284.70627360887903
450.2029427068578 465.4981602017778 147.55269557407567 -178.97498859475309 82.28665767888997 283.3074448205105
531.566600488265 496.8700139262261 586.1941816479581 -436.10007144933337 357.467304569145 422.41308757734714
402.7135812528651 444.69714396093343 300.5996836405277 9.350430142039656 -92.50454518202085 175.0464227563813
415.57531903507436 449.2503512558371 288.9008233160933 69.4868016689407 166.63013176890905 198.33673115162597

404.65538983857516 445.83993427266995 121.88130637284415 158.56136375451834 89.72456210356124 181.10001012746307

298.568193770049 410.2563703626758 -94.62544269813328 398.0814838120903 216.73993849381108 36.8070746544505
438.5769620952716 457.69151982717096 165.5248097163477 -173.2061239830877 79.87086984438008 234.3924478734325
547.058858748849 496.2156616432171 267.1993213709826 -565.5324530003492 64.69244186241325 402.40044155679726
438.5769620952716 462.08027419208435 444.1130899764836 -271.83774118681265 166.72195686555267 269.5919201387707
431.48178849804316 464.54436341488525 135.9939845091087 -424.99568345494214 -84.58974530870054 287.30599422673845
352.9297384289471 438.6928763074178 166.50010463711706 -472.5853593940334 22.30278692289681 175.5343664923909
521.330399222108 496.8433463875404 186.1676830764487 -108.45602838260491 101.15919160646799 428.64871608494656
442.60435200906556 462.3009885124765 517.8601604319144 -362.8382691625164 237.50743369729705 262.87532873136666
365.0658241293739 433.81637424500036 200.80799363402912 388.2145123424102 311.5777136323238 123.09709615121366

352.9297384289471 428.1941279323696 49.42544388805633 145.8003059555462 150.13067952844446 108.82586206771335
258.0216829592325 398.27029551098093 54.859811547749224 302.3614381725483 244.1876991364004 -9.836910963265037

367.8829118260435 435.04423746330014 285.9495990965101 388.3488129232559 294.4919701199308 146.1483885720469
464.91870714048656 470.6014091457595 92.44811137693182 -188.856528385018 -46.18807934703598 304.14167967201695
408.42942263685995 450.49118946316213 -23.22769264046279 -80.06242620900473 76.86662675632313 216.05943975041652
398.71304779149517 444.39359471650164 377.2339286608651 -218.48578841588076 224.84156644014774 180.31578121556683
406.56020933564474 446.67470570840726 227.60225248414545 -186.07955758171065 6.135991398728954 182.0479736848911
392.395157629342 440.9164370439896 117.24457761814193 -115.18265956263039 -99.17879545237027 163.8233165294739
489.93312245375813 475.4201723471864 165.61812300500713 -84.76364115006399 111.41979429829046 309.71230352659217
394.54577815143836 445.818748615984 464.3879973792501 -272.06330858373957 339.45337027078705 196.51692590964663
412.06618705394743 456.2198610994794 139.0410525717423 921.8498059915981 825.8545155946397 247.75043858261932
431.48178849804316 463.4590125151885 205.9153876082942 934.0582478914602 895.1558477703404 277.92163775534914
478.66580620334685 479.3815364267892 250.12541000667628 287.5399733835941 818.6282058135607 345.88676620325975
365.0658241293739 437.6230547521582 241.28411781268727 -466.3372654714684 75.27414727549824 162.37534106789457
383.2979798087693 443.07407277736326 44.23296503496444 -386.1901558925949 14.614141627522947 184.20970030994613
396.6511190712216 446.71202987764724 309.9395281097693 -651.8792407168241 89.46472334425297 196.93152222476868
480.4840381116659 476.2369903945556 85.09446899270215 -358.35447177860834 0.7956633849661603 320.2131317532973
367.8829118260435 434.9444611472567 241.58374521321875 -139.3751778344255 149.2837720596051 139.74738245578231
370.622809244855 436.5975367801042 299.53098038236845 -46.34308577712687 112.36950207969714 152.900119396339
385.6510295497887 443.63828777496826 -4.167417488997498 -222.21785543667286 29.908465941878948 185.71489740657722
365.0658241293739 435.7727479045458 222.89570375497604 120.01441144528297 174.04349386616843 146.51563712721222

385.6510295497887 438.86315773906597 -55.49689436322429 308.42907199258065 187.35969495462882 155.08192295647837
286.78989020441065 406.814690311591 134.88047240028314 510.7766548084802 383.7465084134548 29.727603746321467

517.6714544788788 489.49639590228617 612.279203000383 524.2959812676323 322.9516468072397 392.1409352890424
402.7135812528651 444.1907244551252 205.79304442501387 -148.19764170636395 -142.22935890414175 177.94612285115633
441.2798293340635 457.23472456774664 95.13337969855547 -321.26732433555236 36.62998500497528 239.91002165051302
428.4964921830751 453.75445667835794 208.46595958179915 4.80576061719864 133.49136196142197 226.91564374685305
365.0658241293739 433.3941847149392 153.5963629823563 -601.7555333314084 -255.34759186213662 141.7594014713194
412.06618705394743 449.12383048967854 330.31421043635 -165.40726733468466 71.54753526075301 202.01823939572577
375.88718259339714 435.38986205332975 80.37298796850753 -395.45568687270486 -64.65674030239403 139.04431671135345
417.28476237100443 449.79165650341383 100.71523510576912 -547.2963374487031 -20.265757246490836 204.55080462092852
331.4186004672526 420.3373207611337 52.34795508252861 165.91578723051376 116.70573440258181 79.8156363975859

170.47480922384253 378.1611672643884 -106.0153610272175 423.44281394745985 267.19404657354255 -66.93483942160402
375.88718259339714 435.65150208436074 243.56820454160285 -355.02997328709347 59.992920361857685 145.1636048207224
408.42942263685995 446.9792409910004 194.94197550013442 -93.08218486781591 -123.19217380202457 187.60934586219696
541.8320158942734 493.4635437114712 195.9936839412978 234.1617137046205 72.71200556271744 395.66849267486157

509.92564857497837 482.13976053167846 -147.7441115724968 -66.22062577310008 -313.06930793598355 343.253496220786

457.26469942825315 464.5934434484292 107.29506911520448 341.7927435463422 177.62687491289176 261.1684151251242
404.65538983857516 447.2653486499223 178.52225357075483 -376.6922027948354 -75.631217825275 192.79490709132287
550.2481951264443 498.92538839635944 191.22273798842122 -319.67542509379933 13.340973384375934 419.07685967766486
452.6126978647638 465.85447192002266 338.88134779617786 -24.525672948243475 -194.0832459309125 279.6683432187965
410.2643365036796 453.8925510733258 306.42137767646255 17.661474451619714 123.9842391494376 235.86344095645126
468.0277658474897 475.02767693516574 467.6088828297841 -31.664937414972783 808.39255601415 332.2315283696497
438.5769620952716 465.25507772377966 69.55779909010906 -443.1689347687271 -13.526239559068168 285.860484157451
408.42942263685995 453.9913063508011 366.81155983754843 -288.0532146052312 206.74348153043232 239.13562339925738
119.39224684724346 381.8365056955292 -135.6494936891448 428.2871962022675 257.122237059335 -46.0748526465734

335.34067178258067 427.186422059816 -60.855521592541365 356.6846023486069 205.14267802389537 128.39648336335355
420.6184043977636 453.86752903586984 400.106359075561 495.9281731589126 391.0882408952814 231.2079881146412

475.8749273916392 470.717553958736 2.141037213019941 324.13651480180977 176.5869564306884 285.4085115895803
396.6511190712216 444.48545938017963 374.64569046476595 -377.28662184147737 171.4371697225743 184.735385326395
335.34067178258067 426.03375477699973 37.714113350881576 -1.2425784430133595 -18.87467896838868 113.07818622194897

204.12203288596382 384.87811626032925 -107.96971486141096 437.48398755700543 258.0124078205956 -65.52763688051445
365.0658241293739 432.6698240775528 199.54143152470047 -413.0296101528821 -99.09129784329349 120.11464600236911
462.7909672957581 466.24191200077706 150.8991602798046 -450.2647318129078 13.600042038958204 268.12328732840274
594.4634959751183 515.0878137339961 257.0510241331053 207.5120040435236 70.16232102976097 497.93195926324023

367.8829118260435 433.64654649100964 238.40490712470066 211.3853337396976 174.3767003253518 131.9607356329396
410.2643365036796 449.0795691721772 336.8476335112907 -116.11718357358072 88.26136575496812 200.728922998393
423.8444906195857 453.40791921175844 386.2637342484299 -144.19499101687663 129.39912078102375 219.89097737730012
418.9654742026425 451.1734012545621 244.75516500098337 -350.5750418917232 -34.48445789924904 198.1113328892569
406.56020933564474 445.82566292178905 167.35643973023775 -83.3281445850375 -87.57317453039543 183.2241034835947
475.8749273916392 470.3545977501455 96.62311680560897 332.1280357531448 149.40163649488176 287.2591459712722

451.4150787600923 461.68080975975937 110.5470689984711 -6.299506198606504 116.73315288985866 256.18743959560646
420.6184043977636 454.64603287036726 510.84224929134814 -348.8373637551276 808.3559962178715 238.98304626077325
415.57531903507436 457.1594983474889 60.703585388911684 916.4778285162239 522.5944169162916 254.11076717342817
474.9270529961849 474.4947316501926 553.3774636325566 -492.48692162528016 796.2043021818299 327.92557916461607
406.56020933564474 453.84679063686343 86.49328138890898 -317.16443693092293 -160.1218251827416 239.17140423734554
420.6184043977636 456.45337004331725 421.1731228238044 -375.00689721276444 233.89739426942663 251.3730207460914
473.00391680339607 472.07700731981197 422.9184500411997 -13.767171845103709 86.78351353644305 315.3771265714494
370.622809244855 434.0666019138637 109.0701724181564 -34.31368882101133 -115.56005640207462 132.77497159443647
373.2896339530711 434.56830778908386 135.63368879824196 -312.82002592221147 -16.13924802763323 140.17845659505656
387.9499813722586 440.6289751245441 276.98157276967817 -564.9981107079232 139.450084909395 173.79168814964837
446.47580322713463 461.0322744931908 302.74686293227506 -194.93634443377292 33.60053989150418 259.10383262709547
387.9499813722586 440.06970269714094 272.04311848976823 -103.95686254772956 85.13668217393696 167.88467673074788
412.06618705394743 449.4082263389542 111.29251772069475 -768.4605180760224 -20.42749509974494 210.19641202049772
373.2896339530711 435.0159339620384 215.33424862157693 -183.61307311141948 -263.24114962285597 142.58236417098604
378.4189633918261 436.1728055417654 26.471855306934977 -38.59797637776969 90.729872903363 142.81638106707803
413.8361447638875 450.7375443651129 432.16808455707314 -421.9854434737166 208.06627972220502 216.81747458475365
431.48178849804316 456.89750268334046 519.7787648011836 -101.32457113811965 802.2939425261114 238.57671298163154
423.8444906195857 452.62737877259616 329.0493202181024 -163.26716548599416 -7.5695640009678185 211.44218255042026
323.08043957334746 417.47853893901856 98.20926341131972 277.7277503674462 237.9149582824875 73.44313249579315

479.57905455967415 471.4046039129098 -427.59525423754565 -295.84631453361686 -262.81887233683494 294.0711691895597

412.06618705394743 447.73345335748013 -442.8911343987069 -175.44298176259542 -356.43233116443 191.37427160629056

607.6724391058806 518.3626886498258 230.6324660571081 280.70137555070573 178.47249360075793 508.34870304178554
438.5769620952716 459.67099865145275 98.99455365413753 -293.5184517763098 33.96676942978419 247.23451676889204
398.71304779149517 447.4459551477981 299.30407347241766 -217.54660999200047 85.29424203491541 201.4845122209285
535.2805551832106 497.2979207472567 234.43617294307057 -448.70550515582596 49.72653023900821 423.318798871355
396.6511190712216 448.56752291785034 303.90251593807545 -447.6114652993342 98.50011854646039 206.4036897807843
356.10460826040514 434.85851368982134 122.34562564000025 -189.5663770276188 24.703880410691553 146.9090906622236
415.57531903507436 452.4985299620688 267.9777230624705 -31.47127334537495 5.034332810739192 218.47240250343526
380.88822465086326 439.26236674871075 99.15715903371425 111.3550520650094 177.00746332432297 153.95864591724958

465.9658371272161 469.138803865902 71.45502292623488 -56.68642369475945 75.37305939434334 294.2952422143924
556.3370320939456 503.3173471570083 295.61055852701014 857.6825840619076 787.6935036681233 453.29282177664476
410.2643365036796 453.6417268363356 423.9306985371015 54.12515688239503 809.5389784912529 239.58883276183877
373.2896339530711 442.6536738829618 299.31635081547387 107.65691954947766 820.2429640881658 193.73225253336403
554.6348633370026 505.39767807468013 241.31490292085854 -650.2628712195448 135.56461966946165 465.9830327978303
398.71304779149517 449.89728769209296 379.2741732138002 -218.1388672334882 813.7854494217738 219.32442521049583
435.799005684564 463.9626542182381 109.8464952751373 330.8554913308151 164.18443156011958 279.30396213633384

309.1042453358316 420.48926080137824 -185.14546015333445 421.1200830974912 224.31934140896468 101.1777449796156
504.4070070182493 489.4485059831147 163.85037286273302 -43.3695369492004 104.94150223323014 395.087043892783
446.47580322713463 470.5984382568288 386.5977649129918 -324.2124517093238 74.69852280012405 314.10882988047655
402.7135812528651 456.84804380816854 70.7125733549691 -207.4166540957441 -3.017421901039137 258.6486575504295
367.8829118260435 445.7877161293414 295.84285221981213 -450.85187610470854 154.92956991742653 213.1664154033761
465.9658371272161 480.0957965712893 35.76938316716226 -111.46701115715436 -216.94363373153521 361.2407295331318
370.622809244855 448.7108952612724 229.56771662740528 74.69864138345305 -142.70383073745 226.0934397390784
373.2896339530711 448.99362220919903 235.3661519097639 -224.84587552372898 106.89964364886235 227.23804455976187
367.8829118260435 445.95843995748254 27.424825282172165 -138.44102486977786 -5.703378335883826 214.09052852198553
356.10460826040514 441.7584621589897 150.4246866281482 -177.49439435163274 117.45665389628302 196.5604403767134
460.61696863211756 475.87435576405835 185.39329491788618 252.29325960736338 140.1287506901337 342.06139178731337

339.1147045808654 433.54534151580356 -3.173058941672169 299.85816958852 198.79518460977653 163.48589058696876
352.9297384289471 437.89564841107625 179.41545657730376 152.8598909571675 205.3943045158215 180.747815977442
239.78952727983707 402.6508572432122 74.65787808205711 389.19694316013846 296.2513110572279 44.0108242896856

229.25347571405445 399.8648376022045 -124.19977392441277 420.66073354691093 244.95732437368213 33.240143687679854
437.19762988203803 466.35259503885857 369.9066675700142 -1758.0418017848262 164.30754943899925 298.92410389868394
457.26469942825315 474.6117646095287 38.349449558509846 -98.05129091136207 -274.6970389039724 337.72865427258563
362.1670704420486 442.19128603968113 348.63809814353186 -44.28168295999809 240.03375371065113 197.643396302598
387.9499813722586 450.6405443597989 353.11204089249435 94.68680141339351 211.74526359881605 232.78965569431617
362.1670704420486 441.54422475227085 286.5663978450584 88.00341323339342 212.67837559005156 195.68311572613194
367.8829118260435 443.3446988952317 30.211384769506594 -171.5630815766448 -9.382181830013355 201.6498818992797
383.2979798087693 450.9530479215051 320.27881819249393 -401.1630350000338 97.45456925182108 235.8572708988488
592.1310287184775 526.0365055498633 282.9879317697066 -459.7802442218968 92.62307336115757 566.5258243614844
441.2798293340635 470.3011793998174 152.93932383997074 330.03984458550474 85.28747858410351 317.28840092521745

280.33603809065346 416.18651672543825 -150.59642197312283 417.4932192133806 228.945438729994 94.71557558720555
375.88718259339714 447.61427757459205 80.63718137882638 23.026019108787366 115.99637751062613 219.32842800917584
457.26469942825315 476.06367113321176 389.7801521989145 -244.96617408179463 230.2487278227721 342.91800973509396
524.8601774302105 497.57549687278447 607.9990304820324 -267.07319097961386 762.3730416430949 434.60442249960875
443.9115601658009 467.857203926683 116.5663776532172 -377.4003070983321 45.46713996565834 301.22031126271565
415.57531903507436 457.29800677964266 176.45667755244904 -64.67979775289251 147.7390359270286 254.74242379610166
380.88822465086326 447.1397495945172 454.2429939354354 -85.57876688461185 343.32351170991507 218.92953600056111
356.10460826040514 439.4277484232548 417.1485889857408 -159.57925166125312 807.0876006349508 187.05763844500837
356.10460826040514 438.360348104863 351.49669110175165 229.05542862640465 268.2559141862269 181.21186830561044
359.1817741270805 438.69934700021685 260.0494133344518 190.88409250254807 -11.814902805440278 182.8675773981359
396.6511190712216 449.1007606566141 407.2244303721848 742.0312027777037 594.6995325630064 222.79474346222437

349.650756146648 426.1874114187822 257.99505369975196 427.95536973233067 325.01840181151096 106.13964400646955
412.06618705394743 447.24696505369747 224.28966759217582 -65.2666738236946 -111.12508011197102 195.59487883426246
266.0259537265861 400.0489813326889 -117.087185842447 371.8668117594843 213.25880695918943 -2.3256786959390516

273.43675094195834 402.60962239982894 -169.26821161208017 465.82127470950826 249.50290235861755 6.374408402379209
539.8615087863401 494.3944205319179 234.69862745095332 -248.488838956231 100.44271824636941 393.63185370180446
426.96974496999616 455.89111295965273 351.9166145489466 290.1959663811252 251.95367690797727 234.8916094115986

249.32054526026954 401.8955694216048 -174.20094989494828 478.28307608502126 274.4115579132238 28.42532342528092
390.1972669574645 443.9582743721112 393.6280828071756 -343.54693939154794 212.66329945697458 186.97458605650908
402.7135812528651 447.55018908260877 179.25793415117099 71.50302905694986 10.035639350600501 193.81546028754966
611.8757772765358 522.3182704703222 232.4841494489076 -240.8127332027899 91.88426234367923 526.5017507729133
385.6510295497887 444.8633467494866 454.77998651686266 68.87542285816693 344.19857358414714 194.03819719550265
410.2643365036796 456.64117342741844 228.0826835335585 -124.13179091642736 806.7193083100793 247.62431112386486
451.4150787600923 465.5758851771168 454.33256699778565 -1151.049974143755 787.4864045085935 275.9712164268314
352.9297384289471 429.10696666398167 78.72113156715777 -281.2499316979261 95.75357036427309 108.47653361230509
468.0277658474897 468.519597360809 182.7344735720019 -565.5326425770018 -26.819164659355728 278.4567859328153
383.2979798087693 439.81706644774016 255.52802860923785 27.03238227242877 -146.92758006581323 166.11460547173724
362.1670704420486 433.2735328013707 70.76899583788799 -66.4254674636935 143.89789671933391 142.36692466785343
408.42942263685995 447.6607730874111 344.11588446344126 -548.5618187349518 94.68819212824894 192.39906521446088
394.54577815143836 443.12024714662846 156.95099597991245 -2.8796844474912366 -32.660813480397124 163.13620668161167
370.622809244855 434.17562477354375 17.753617820303564 -456.75205047611615 189.73509168138335 133.03645840519752
554.6348633370026 499.2228608203002 156.16800268051568 149.98637082236027 75.87212062244953 413.21124186569966

454.9657476057833 462.68575096546226 -54.74553657265998 -33.10582812696451 -123.31585919161779 257.0612863633757

685.8039686736205 549.1485057991864 384.07905976852675 -328.7402686871005 82.27334537855242 658.7833723674386

456.12182984589083 466.007689738325 -7.1326013270347435 288.4378048146399 180.00560246764428 285.09988651627987
464.91870714048656 469.50241516677966 168.07003291181408 -155.90629399995103 73.6385597459749 301.2935620554307
457.26469942825315 464.9701444535484 223.5884540949472 -27.51002774771528 104.6198472746535 275.55191585653154
359.1817741270805 431.6100997282577 204.6040377091819 -277.10992219049575 19.1141493744264 130.06986827853152
456.12182984589083 465.66283975345533 27.749981537147082 -479.3043264366173 -31.851697560370486 276.3729975315286
447.7336814478207 464.2236215840719 422.8953862721822 -357.8005510120208 172.0387398188717 279.7018437455028
356.10460826040514 434.64319936530427 131.18261231930683 -30.909213601348707 92.26268432579627 153.7359015735386
367.8829118260435 437.78954667483976 243.97068278378276 -15.216712789356745 820.3351298059523 164.48397906394632
362.1670704420486 435.6274312699775 231.1735362110938 -210.8693816866042 151.69305933731297 157.46588361316486
352.9297384289471 433.65830156563527 87.67949162374589 -146.40224270845388 -198.44780033815246 150.87323607032758
498.56593080260785 483.1095695140517 125.67559639957881 -478.8058848668994 -25.20870439601577 361.7551599274152
428.4964921830751 459.30163818262565 446.1803271341293 -392.824395956485 800.162352793934 261.5483504084351
509.92564857497837 484.2196756371029 549.3220052391553 -9.692986104949794 232.44632832512363 358.1059288012279
404.65538983857516 444.4338801852778 239.77963164548243 -66.87660236322219 -322.69680797580355 183.4897353960158
352.9297384289471 427.55574214292443 67.31079558276038 -516.4170354848959 -185.98167725202092 106.9407634564417
318.63526331626406 415.79526002034805 45.12617108637978 178.72150924954983 136.41344003209372 63.822948952375825

417.28476237100443 449.52232767490034 -115.07822757920172 -144.76967852420222 -20.93145690668125 199.824954936394

474.9270529961849 469.99601315640865 -484.01156869106774 -412.33980714696355 -287.5159443739068 287.84347782920173

434.3805421853684 456.3728120029295 60.01848710356258 275.99987465427705 177.14390243912 223.24744956472463
498.56593080260785 480.4493801118685 193.78869942131436 -204.7763953154257 67.30106587987841 335.60863917584436
459.51198501345897 470.32041982455553 384.5503559023763 -786.3745489764773 26.13614405323952 303.9109660790754
370.622809244855 442.9456849682999 231.79922353271613 63.779457900060955 -7.832124591339497 193.11855799135603
494.73404437239424 484.66759345226694 161.00528336122383 -882.6406798113435 93.11233972891038 375.06886262293
519.5176607628523 494.3561358585885 200.2594943980762 269.2229876731406 124.93907681888112 416.3979170702574

323.08043957334746 424.96645132337346 -246.12069160553975 424.82804654697964 232.56482209336448 118.20817721010872
356.10460826040514 438.12291349055454 304.2410921523184 35.267112512786284 247.16670568016877 174.58899015227763
521.330399222108 494.73195534449655 243.04579430871334 -62.23849032076667 146.04395541367498 418.082458471736
509.92564857497837 489.7826077733091 168.24159539626967 -356.7387873536532 34.226527335730175 393.0587275283618
367.8829118260435 440.14481610396626 164.00499432906588 -93.99482803229432 56.18340320919345 180.732629920653
560.0641715736688 507.4047511647443 214.65621157866445 172.0386229827547 -506.25202028103786 472.18074246649894

430.00027991952913 460.49527112542705 1.2181557379732952 185.3353984677247 62.36284734833636 262.97023060864376

447.7336814478207 466.09280955226717 -187.92054174596356 -358.3693692181393 -286.0581212789119 286.9382001215038

298.568193770049 415.5239554269267 -197.86728282265034 415.87748360330437 218.157551190302 76.90976557700726
507.2043922224899 488.75641016520444 218.524540096121 -128.836599738665 104.85452416771565 390.69229844371347
396.6511190712216 450.9458047675633 234.57112132274537 -266.58940297588765 68.95529644950744 228.20547870155963
359.1817741270805 437.9399059980577 90.83464314934517 -181.8956748397842 -119.92528545716024 174.42028057501483
445.20190064939163 467.0941715635446 130.27303453352172 -136.7438213475586 104.26214680903318 297.29666180751957
593.5951837177723 520.2053431469845 256.73588146121716 178.14906545789225 48.4835664038624 533.029574317225

119.39224684724346 381.7227449664712 -105.61541226963553 489.0807164366656 302.1211863051242 -37.19003316395965
383.2979798087693 440.7528344614567 481.07199189070144 620.0355018546659 489.8465312785659 177.4574304171761

286.78989020441065 407.1505675408774 -28.294389240593983 -143.38554156599625 65.25484177555083 28.182337271279994
362.1670704420486 432.320464912993 130.80182170631048 -435.946903860793 -74.35433236240935 129.0775219106175
417.28476237100443 451.41696658378424 136.81111378804863 -429.5348594821484 -217.50190822007332 208.92849632876667
553.338948872752 500.70569006444134 200.30663085879388 -350.46900969042014 18.6291798305692 423.28066693003876
425.4193263163997 455.1814900447313 115.78972410286113 161.7425006116851 110.47026737878942 226.78574031637697

188.706964903238 383.539199924817 -53.104675168855856 -78.84783478827164 18.01341615867193 -50.8136349373417
392.395157629342 444.2844530910165 106.76383172414785 -778.6388957996929 -50.5914403777257 186.48750837203002
422.2444564849416 455.3650093221364 33.24405915503034 25.8384315718353 130.92363645595813 238.45075640277003
434.3805421853684 461.5640031917929 234.76925623078628 -180.05233789610938 156.53502147566996 270.21206828884533
258.0216829592325 405.11448504156124 52.02985181660436 141.51275139766165 158.10418199765607 40.499855743732404

452.6126978647638 468.5989010703548 24.480805566495796 -204.44720425651596 -168.7900865290022 304.75409383383686

426.96974496999616 459.31221755523 -190.2981823739555 64.39001097999352 -101.19028431102677 263.06578494585943

523.6973736306985 492.8770844144836 48.34265800003411 -118.22452240974532 -13.454238560276025 407.6204955478019

447.7336814478207 466.79458254588013 -406.5358452116816 -208.8911042806133 -96.39618835085943 295.97219205490546

588.5270350701578 517.9592155386707 9.010626037775712 280.8150365649964 160.28985171154946 523.0737028909738
541.3430173648541 501.43690561125925 103.77705898089773 260.52490057030013 98.4515913840473 449.08022367606407

435.799005684564 463.6354245528057 -220.52467504399678 -395.3080836225615 -283.6360339961958 279.54561012765794

342.7514689979529 433.0145625612302 31.89268830696464 89.34092916595314 120.6591969620312 153.98076505376247
383.2979798087693 446.49979464778227 282.7005885028489 -110.22628826334488 182.88027197418347 210.69428293538834
589.4402834264852 518.7399450528279 255.5147409788674 -467.63653791057413 120.87268478989171 528.315897939172
526.009615372784 497.23044514737563 201.2253399247298 42.62541105141967 167.77969734232178 432.0643670567498
556.7580853475799 507.8164595977462 170.9151447458838 -287.42340363033355 85.5104535313551 480.26451580227814
402.7135812528651 450.9271011538069 198.54807324981724 44.221438210224534 194.9903749269809 227.32913226183263
426.96974496999616 454.7353555717387 480.2901582517369 -402.79302573861725 227.0127740799436 228.96964819159868
423.8444906195857 452.1651187432951 397.0827888454762 281.52745492684113 118.59464573275152 211.98229705458945
513.2262782217954 484.0070882529898 547.8448152619203 -60.45166251166035 229.62660367418889 359.0777040068355
280.33603809065346 404.88203899160584 -80.56955723519407 19.7438450857929 154.2293411118629 11.920175062649237

413.8361447638875 454.0461586795225 371.1550407539219 453.1659775702619 325.52146675810894 241.27542568706576
442.60435200906556 462.17835941861097 492.5042437541357 15.247499888455462 265.579856683113 267.7637491956982
452.6126978647638 461.761461483961 375.6490638757451 115.26170537288476 228.96338814679487 254.66621855849016

370.622809244855 433.45675349402376 84.74906325036125 -226.2284923960452 -147.37950727485477 135.45629935262272
477.74414069285444 470.77669180955365 147.3774791907462 309.51170719792407 113.30166890699624 291.8541045940065

