453.79614362946415 467.21054622700524 -58.21835504607612 309.0987451307297 175.4492374842993 299.91689215660614
473.00391680339607 474.232358756827 67.25825021297524 -155.2164323526139 58.84685109178667 331.3368343794937
413.8361447638875 451.4278990496073 300.5595310810767 -452.9502496406238 -0.7240750831687147 228.80361821541553
339.1147045808654 425.458831829008 -70.5283662013373 257.48323490149943 161.78902170391885 114.86957655826195

574.4284417965531 508.0425741043347 56.15385786020217 -169.1286638196133 60.764390036839934 473.047730662479

469.04300299389143 470.4067666871849 175.9638689281328 -171.91716215961804 24.28930760094266 299.9306263372707

373.2896339530711 436.74443860847896 -134.76455881607498 164.90064205534324 99.7347920161197 155.8881407658952

359.1817741270805 432.48901555068625 40.76391269068312 -72.01419423359641 -45.56788411799341 136.90404097977046

560.4698516432302 503.7320130403804 207.6379892280106 282.88912695896846 186.17154130601142 447.4616497222756
367.8829118260435 437.72671517016227 332.5684202888783 -251.90771318840285 204.8739539361874 164.79505665215535
385.6510295497887 445.5486805974604 34.48057095685873 -43.52653151654556 130.2820334813606 199.71583169370163
400.73331852324714 450.4194577782176 349.84080713664554 -157.02225458357475 315.8882305390996 220.7867200483313
359.1817741270805 435.26891940703905 190.16080307200116 123.36174175845287 208.096431698658 156.63638989193456
423.8444906195857 457.2714774960752 103.30997981298489 202.76752582165534 -63.90044818779478 248.80647554728407

487.44336729158545 474.7151767097085 93.70451638333378 183.98151149687976 -29.05901029080952 305.8312590040664

535.8000368709211 491.126976996644 124.2336594318698 244.13190519563557 163.51710735148922 380.5999092948126
394.54577815143836 443.173679289455 414.4851238734573 -110.85252909847864 253.66408355301488 182.25578156517167
490.7494535176743 478.975054309437 129.61575400355161 -437.42400922111375 37.55241503627176 343.0043362663527
392.395157629342 445.08194549137994 321.0313689779566 -353.46445888775315 195.54795764255758 195.42418795837176
486.599480426999 479.69613697195285 163.20925425884835 -836.8763062794603 21.521051299515634 347.618268451901
426.96974496999616 454.5626134060771 465.5444180851144 -124.51519487585483 180.64413424556827 224.39036047926604
406.56020933564474 446.6932003179211 311.40734450940386 -112.82636799721912 55.74759716928913 180.9963216177017
404.65538983857516 445.22222539299844 258.7258012588205 -168.33482124038665 -146.33910991075624 180.82388039480045
413.8361447638875 448.7858473370052 234.29156275313008 -99.0755960699841 -139.15517596814328 190.23755530433903
309.1042453358316 412.77152819230656 -107.2062594945428 332.32466583128183 188.27977718307082 49.787661495625755

430.00027991952913 453.9802175361152 -200.96878702162533 -222.84424229151486 -297.6012396242307 214.87518104682377

119.39224684724346 374.71163909925167 -91.9590380323177 339.66603101682267 237.62898918178087 -83.9279575711672
370.622809244855 434.49945221608203 142.33272541377826 12.436854881703198 195.67632474678962 145.90435804410822
370.622809244855 433.0859948437162 262.218596825722 -423.6122649579998 110.46856564347891 134.78295299877556
400.73331852324714 443.68132181304657 218.5982867987569 199.04655460799515 -11.238986961427084 173.56342589644632
437.19762988203803 455.17755843017784 146.8059269143217 400.8222625067974 152.3125454162862 230.95369755897818

670.8694398183884 540.2037760214823 135.89214395833227 65.65357104701117 9.43059803651736 608.5328763825071

396.6511190712216 443.2706385533112 -68.24331957908156 -203.83976853895513 -104.97559331629829 171.20930627987448

229.25347571405445 390.1028584988363 -74.50569692911436 360.96597623491544 227.39175264987264 -38.09533612575958
497.0507503005477 477.9650629360508 151.12968961648943 -83.3626572193775 100.09247530177325 324.36943651156463
387.9499813722586 441.3781588516143 251.27432682507563 29.360440803472393 120.85596073478327 168.56060517798645
394.54577815143836 444.30786567913253 136.79036630086142 -34.36167457136262 11.511818844478034 182.12626478047014
318.63526331626406 419.0104062693422 -55.423914157010046 383.55503055823493 197.7472239735072 76.94718745147055

349.650756146648 428.61289015997073 -88.70365639936739 359.29174424055503 203.7327976682944 117.6505507788725
370.622809244855 433.9188422403457 228.0823675291785 -323.6875783181374 69.50075323696532 135.15483463863794
520.1255653704906 485.7316102444121 221.33934525393707 -75.4921898330209 64.7919198898381 355.11051570651404
418.9654742026425 451.24642778017625 240.2094340350399 -43.67887708117014 114.3360698105695 210.255665503258
417.28476237100443 449.56653364081217 276.4253923570965 -129.62509197303658 67.09512260648229 198.65210966164392
286.78989020441065 405.94831450670944 5.541962439449876 333.79439399690347 209.25064066331637 16.13992571268763

529.3807211070151 489.06816022309584 163.171707763431 193.6551911965041 149.19092769040384 369.16546569591935
239.78952727983707 393.0154923256561 161.363678339653 673.4074255232468 496.8578529216283 -31.26644022874263

394.54577815143836 446.7700664485549 44.37378209329854 313.20402031268213 198.90175131462993 183.25453356425007
422.2444564849416 454.80565745781416 445.3405058931236 -239.90472713227757 250.27927844898477 222.9976520846738
500.7965065540377 482.80445481345157 141.29967864047566 -89.14151605590213 -161.74719316794653 349.6064193254027
542.8028973069695 497.51205041402153 550.2136758240305 -633.3382156060434 185.93418092206923 424.4337549429362
359.1817741270805 430.63216467649096 5.67644367638804 -334.91483902559287 -69.86798369859261 113.06416329740796
404.65538983857516 445.43100494426477 119.86154471573913 15.915969131677036 -125.49252149331961 181.0726167813402

385.6510295497887 438.3835211111119 -718.6109033059074 -446.51647015721466 -348.655255249449 147.36952891885363

434.3805421853684 455.23420064889007 -349.39078926325715 -197.83145620150603 -343.9692615720583 219.40069427129174

437.19762988203803 456.08073723150636 -481.96488949650814 -233.20938664324106 -328.35439116309414 223.32480727594537

467.0021158307708 466.47901861470905 -109.05558922037454 -374.7082834546862 -178.57728623853956 269.3765061960429

497.8112102390696 477.87888694730736 1.7046538928284984 -230.51864385765492 -156.66485442996563 317.5966518065766

430.00027991952913 453.9624437033625 -356.83325724270844 -472.44990693921795 -342.6930978387176 213.3579486241834

453.79614362946415 462.2161831093364 176.37017685826112 59.095928859302724 -393.3179384087932 251.43359159609798

292.8523523860541 410.83053197381315 220.69310013486563 586.4008731257369 273.51843387910014 58.62153667591687
378.4189633918261 437.9888542192748 299.7110377363854 433.20788621467943 392.661090012312 164.30826691538115

335.34067178258067 421.82216176561747 -32.36087046203157 362.95180664818895 202.32786828392028 81.04306638741043
385.6510295497887 438.56676117028115 72.05396887017643 -198.57589288771175 22.22335367520888 154.9089243293725
273.43675094195834 402.3249335401496 128.04540271341799 541.1013048264997 398.8273821335169 11.795780887371327

303.9749158970765 414.43671765449926 232.162596710213 595.970838389095 442.5814557657766 66.95761965511781
323.08043957334746 421.3981650633133 -18.118762001715766 143.6471211622806 25.052114767153434 95.6772268234708

380.88822465086326 439.09869882301456 253.4867610001441 78.36891359541367 66.06104556632123 164.79786460360899
428.4964921830751 454.473529601259 153.98543615465573 -408.2038071764509 100.6434738233861 233.2749547716944
370.622809244855 433.3128401650451 156.97890984171937 -146.59214677967518 28.26456809674295 137.65194675857808
339.1147045808654 422.4559058322517 37.813508860010074 268.54514433372213 161.32568581911224 86.04042438046923

204.12203288596382 383.07983100927476 -3.701482078830063 249.46254915951323 198.02781761742582 -60.01319086110449
632.184684909179 527.3393884587034 215.96090856105073 247.1603663157468 77.45010633580642 548.9461346250829

292.8523523860541 408.23322108243826 -255.4999719475771 447.177526566154 256.5791710180206 29.89062984399865
404.65538983857516 449.09512179035704 448.54651016956717 -877.0874789064978 315.6122346731973 210.64301528212474
387.9499813722586 446.51359044419064 2.7277888048173016 -112.75109553447878 82.05812103695224 205.5360743597784
406.56020933564474 450.9124960779591 249.73083904794802 -767.508404706668 -43.16368587689692 219.14227904016883
441.2798293340635 461.4331417021797 -17.27373757892525 -613.7230362735006 -61.07176775172061 259.93177925910834
394.54577815143836 449.315800424252 416.81485085609216 -168.69677977490704 328.70767664912137 214.67285177968716
461.7098756853365 469.8753763939594 566.7788003777398 19.828368819537722 288.7556221680799 300.0738404331053
335.34067178258067 424.1231071241373 215.83385667518283 546.2246248974164 430.44559792578275 76.13850966566345

373.2896339530711 433.7359239141354 -337.10211274756637 -720.6843099109556 -249.53355045369045 130.1874829462974

490.7494535176743 474.84964410271255 110.38318050846895 259.7056995169156 185.96967736603176 307.1064562643761
362.1670704420486 430.96245591528424 259.82756645869006 -412.431578618912 112.71291996276003 119.6304618329631
565.9830587127019 502.97393960321 190.0052456333871 -149.11700872854476 114.03090273410122 436.2010573569105
352.9297384289471 429.4862820345805 277.4355884148275 -204.98593157214236 135.94300037122937 117.1928738697175
352.9297384289471 429.93167064139516 141.743143123249 15.237825222183188 -49.75002878415123 116.06613546178069
370.622809244855 434.85941504831186 -27.224471718029196 -174.93225899427242 56.21974615639379 137.03849428973294
370.622809244855 433.4753619385917 261.6480797471947 -315.63280631484093 114.99292584951341 129.27007729267893
537.3424839034842 491.559717650907 173.91628100940284 152.86083437268488 73.95932686978263 383.24217951029163

188.706964903238 380.6627977943936 -111.05752619808507 353.03193656796907 228.6728304725524 -59.413067493546635
373.2896339530711 436.9101758045199 267.8020692589501 -104.07195053985556 107.38575756067719 159.80080648142552
446.47580322713463 463.47797984865065 65.75865896536062 -152.2454190573662 -294.7327111395636 275.6192516076803
406.56020933564474 447.22220398208236 159.39216292778852 186.3812608593149 222.36603190345298 201.86599505486691
423.8444906195857 458.0270444788512 582.2917485268725 -50.442827957879274 455.5900287290707 254.81342060055536
473.00391680339607 475.0116166686744 -241.20489608107823 327.88875089224905 148.67303320680745 337.3113505935799

480.4840381116659 475.8541331090347 123.68116668149423 248.78729428879726 105.83991357239186 333.7398858037561

483.15086281988204 475.3450637916984 59.093497844501265 258.4246270066683 198.7949439187177 330.34904348968985
378.4189633918261 438.3010273040343 216.49999940791182 -19.88125458910818 221.7492928047169 174.0849569679652
509.92564857497837 484.4352638131802 130.42627461310553 192.390407885223 -117.82545772520434 370.63979932234326

457.26469942825315 466.10032928235904 6.460657725401505 332.60898405317835 202.38604203575724 289.5248246020106
423.8444906195857 451.51613294616595 352.6088894116749 -254.0714568429506 -18.842406059595653 218.79092768138472
447.7336814478207 459.480402395062 143.6280384656355 -459.18408756587337 28.433602900540635 242.7992182787885
370.622809244855 433.9994311148249 267.2247440596831 -266.41787268454556 105.62503659515691 145.02314528322248
462.7909672957581 467.5544532985417 146.07095371598822 -169.6147038437013 -181.18095501784583 292.796782883275
410.2643365036796 447.4306225964298 382.1649937582372 -378.2545452326557 158.9488345781192 193.04257441847702
417.28476237100443 449.9698278051011 263.7105967272229 -271.38135096542266 115.29807166101382 195.24658615654965
298.568193770049 409.0042042959193 -15.916812707969774 44.760918256978464 70.00664155082109 36.26627345838433

441.2798293340635 457.46732474431866 -229.29624293608794 338.63520670411333 191.2508240380093 231.0393093196621
385.6510295497887 438.71211225501287 244.23529767000488 -48.51906262521612 183.92138183324548 153.44170015804545
540.357787720553 493.5308254294324 196.90501566180006 -516.9429919413532 87.02791261912259 396.61690555183714
437.19762988203803 460.0585220334877 381.76188568238547 -173.79527481450785 186.23759783696022 257.5988628785672
373.2896339530711 441.7506186384098 154.63722791429743 -50.66634502100693 54.35251865711258 184.16544870476378
390.1972669574645 447.6387116700036 232.939973189444 -79.33096570868551 83.33242081213635 209.36991221276955
484.0242308167575 481.5142226514625 122.54293377630898 -298.07109561519536 -128.6048992406081 355.5342495570651
385.6510295497887 445.50588032217337 231.27755340253847 -463.82467161531576 177.2893919881804 195.95768182007245
367.8829118260435 437.28033975575096 -91.30664649452959 438.1361123566781 240.09326239063554 159.4624949075921

309.1042453358316 417.4829738243462 -132.44808928466927 433.3521678858203 223.44409086868123 82.36477706283235
375.88718259339714 439.30760386671716 220.31609621646058 -512.1804905297081 22.551958488393293 173.0642510795757
394.54577815143836 446.8783172074347 79.2836327028918 -216.05071093569293 -180.530774381712 208.2243241199877
467.0021158307708 471.37886201091294 110.01513684638608 284.67467735958115 123.80083437668678 312.07817673120525

505.11372374055856 484.1462921667157 10.714583295168538 -407.2840271179601 -10.492174807487462 366.63173159577786

378.4189633918261 436.07454933428363 350.50527621902773 508.66910396466363 387.5686020235459 144.45544223839096
239.78952727983707 392.85207008653504 -181.3456408847993 487.62615293958663 236.73348741105139 -34.27765422917927

453.79614362946415 461.9411467906821 -94.56361307271321 -170.87320863664632 -114.96309735414046 251.34800026092233

365.0658241293739 431.1012078275982 -68.82905627297053 362.5758060070849 196.36107152674776 119.96785742851131
365.0658241293739 431.7222201546912 193.85406071942742 -418.21087555079794 98.31874795298728 124.65004439591765
435.799005684564 456.4432332030783 74.96752099176992 32.292623958955254 -64.46045524639936 233.61227326645002
540.357787720553 492.83678865602616 272.4475904196273 -241.25980332202425 127.28690216763034 388.881652576144
170.47480922384253 376.77968519804995 -57.329142604546334 -34.43923014255208 89.4647802934456 -85.14684789897973

367.8829118260435 432.1007148259955 -328.91934378328676 -150.28435328944624 -204.6829566553189 124.19635015862625

591.2421339767529 511.36881239467095 70.23786703906481 -73.48328099638265 -353.94261087576655 470.84634337360603

318.63526331626406 416.42555275765386 -228.4814681392665 423.7450280210838 257.84739456360876 62.00383042833829
671.8046503754165 546.4169778571099 372.4342800201559 -278.5394923956304 190.9166429519057 644.5946685269878
356.10460826040514 437.55137130056727 92.54438605466164 -44.21147685314573 80.7443179618396 165.28416282837685
518.9060380611087 492.57182100571777 -111.4787324115732 302.60514092666284 118.4275122555648 402.96916872691827

603.8109554931026 521.86731033679 238.0966294002715 241.57146404597168 173.83274470443587 532.8534379383344
365.0658241293739 440.62348335623403 369.46170951112595 -211.81778258983894 297.62078527770115 177.70090803675978
544.2417710521793 505.59334442410017 59.348865287263294 -93.67433453602256 128.27185620362752 464.50934506266435
373.2896339530711 441.85581713256016 445.6924355470038 -85.2399128022933 399.5658322614851 187.6411956207159
370.622809244855 438.7382277749887 -97.36182021625191 390.7578178080865 204.85044894258365 172.35400041236753

249.32054526026954 401.0175792284143 -54.38429412143675 194.04083166994573 160.0784077609295 26.38026349846656
564.8269764725942 506.81737181397307 255.18965855517828 -51.875944869121106 130.65501006601096 468.4575735570749
438.5769620952716 462.423270669652 157.4751610321731 272.3895786438294 70.5678138491111 270.9157950633586

249.32054526026954 400.4506666700407 100.83006924786719 612.9910373404119 442.77755809683777 24.35040543906051
439.9375273008495 462.5294699335187 32.92699183432562 -100.8325805443822 105.02664639894488 274.8771481325843
451.4150787600923 465.5528725872507 421.5320304484595 -519.8079683395899 276.5171091578294 283.2808700889322
432.9416684401584 460.7326943891459 163.44591757486415 -558.0294479970111 -3.0267706485680486 264.4114941878488
406.56020933564474 451.2140711299111 291.7067106723781 -638.0014269827547 166.78703457453844 224.91948070848227
519.5176607628523 490.01092468006584 17.447171767534435 -33.47649455716019 138.29505431381156 390.81052281164096
398.71304779149517 451.91204385991426 361.0273371054743 -287.83583100975125 305.3556736297224 226.14662896974735
370.622809244855 440.59603843042163 441.9984437299688 -71.58995115935807 442.7470310065489 182.70187719835212
473.9701078945697 473.97450437734517 -41.95325019733409 -191.08205737867877 -74.30805067755963 325.4570196333885
406.56020933564474 452.5574034462726 419.4905474486019 -121.20120683488433 394.22273204735234 231.710591588366
540.357787720553 499.49994428221964 273.30334461172635 -303.16541737206666 185.74389989093135 434.5081107011893
548.8937726156687 501.6257804310566 243.40011790262284 275.2710228297284 122.76911606950169 445.81854336375943

491.55917454093617 481.1199497295577 8.776053596495906 356.7814885770717 188.9808146291955 353.43443153457565
514.5166187053862 488.19355859025 211.4511581948026 -61.92296480326264 171.30710393943946 381.6912372818033
410.2643365036796 453.29947822186705 462.2613180501161 -57.65284788985332 313.11083059187365 227.20432139460715
359.1817741270805 440.60719283239 21.655192149413192 3.596592840073573 150.68162202321923 170.69195065295176
471.04306966455846 480.9965131031556 276.0259354841437 -147.95473486230307 228.13928699946166 345.62426532536404
375.88718259339714 448.823696457436 55.29305316920756 54.2187254751821 140.60724348600138 207.98022557805913
417.28476237100443 456.59348969456437 488.0379025788842 -662.6499057953789 292.3554663956512 233.86742751848863
400.73331852324714 447.2168603345196 359.3491725213759 24.84189697590705 134.36110806730807 193.25531849334303
418.9654742026425 452.5836400671091 400.9311157539255 -223.61476549282662 234.96611313396326 215.37526878288932
426.96974496999616 454.1705810121768 380.76594958630415 104.18239005069516 50.70981487259152 215.84456714882668
410.2643365036796 446.70984276541867 284.65605213603015 -269.9187563902125 46.54073679122157 192.51332715374934
400.73331852324714 444.2631701767242 249.00552407742663 237.1749291645524 245.4002361472113 174.20229457661787

239.78952727983707 392.0027454061631 39.87045634411761 421.57140565823187 307.6830802846007 -24.521858719859704
441.2798293340635 459.62227106361144 376.4574911206818 -255.80520082818308 171.64949536437854 255.8084518523672
380.88822465086326 442.8604878473782 55.78143156396577 263.07220200564785 168.70241064180712 190.73387002339996

438.5769620952716 462.07513947196446 -75.40598846427461 285.58998108149274 181.96335907323996 272.66140611416995
365.0658241293739 437.03342080222154 214.4097121871905 -171.9360153855623 84.14026262930923 166.93319914943413
346.26060097907987 431.8437881625744 -25.78750173868788 190.56309175170225 215.0762305724045 144.54627174147635

365.0658241293739 433.843995183 363.3664241172427 509.5568800163556 378.0235716089557 144.02500836124867
496.2844630259907 481.95416367373633 571.0067114349698 105.88960268800392 276.4226053654354 356.78609175013236
472.02829930885963 471.7873041290944 501.32738721026726 46.56192108089403 204.3649984598651 306.4626476217633
406.56020933564474 446.66797130562645 272.73227416012935 -39.903431755217 1.3232144403663981 185.32292385336459
383.2979798087693 437.6122337887291 107.44924835640187 -371.2898785898311 -120.21624948122782 155.04190690807738
370.622809244855 433.8069887712641 27.242614560154315 -53.083382905689916 101.67093322291323 133.88475067741814
394.54577815143836 444.6703564351376 420.94534639050806 -165.1189352015642 316.843273949628 192.60670720345462
396.6511190712216 445.733073266844 407.9308101609265 613.4702625630765 516.1858864193601 203.54366022043936

292.8523523860541 410.3346363244158 231.17776024659037 646.0575445792795 481.6974858615522 24.66001333923625
404.65538983857516 446.8476228692778 273.2774862132872 228.80157921826148 52.96498102644583 176.65152426657173
420.6184043977636 451.8010301529087 275.4675271410345 117.65686942483195 36.295078202250174 205.46285797490592
394.54577815143836 443.8480349262973 128.1338025807798 -362.32414614278815 107.07191857988911 162.22760189469608
517.0483995038152 486.46604218789156 207.63122976714666 -115.54656040360503 110.05117392953407 351.962141332718
370.622809244855 436.1656976636133 306.62229096868987 -363.95603692989556 132.70076596109482 144.52065842881373
425.4193263163997 454.70652004995094 281.50766120654663 -113.10320253556864 -41.71171020555701 225.28580698668102
362.1670704420486 432.38470611345525 13.853272235986305 -721.5611866759909 -41.762601831194104 119.81307328577387
423.8444906195857 454.41936807925254 376.7040675924272 -139.86993828803634 159.0711374380571 226.2103545965487
442.60435200906556 463.06563263901836 152.03830229709214 308.14167904324603 160.30940511531227 272.8042458096435

331.4186004672526 423.25742488947367 37.595192345305904 -58.22955832852473 61.02983710719807 96.34730782260091
373.2896339530711 435.8391581501798 147.0183619824649 -472.7949692436935 -25.0364897661498 144.57908844047776
370.622809244855 436.169673408114 301.3846768471405 -145.63788505231773 237.59451335958767 150.54709523675865
439.9375273008495 459.6347140821567 399.71604670886427 -469.45399595838023 114.98691761717185 246.50195297951942
417.28476237100443 451.4112387308447 331.50601938674305 -32.76751353629832 155.5737397125362 202.89673044466858
412.06618705394743 449.2848155300398 292.0558899369505 -13.765352566867481 -27.71321256699848 199.2658661182365
392.395157629342 442.7507089438122 242.75551801424476 -346.3228746466116 123.64248680077704 165.5182145602447
367.8829118260435 433.61329449245335 183.6774374165968 -17.557543084642507 144.2115590016167 133.9786293620705
398.71304779149517 444.25175330271213 -26.065777178527522 -226.13545990104362 -64.49597060276129 171.58699688359422
563.2644446822861 501.8530707799717 220.26419083708512 178.07895112099095 247.50439438649514 430.0194274099523
383.2979798087693 438.8581410055773 275.84982335272264 98.9052240928454 274.59304443671857 165.48024509234256
318.63526331626406 417.14313731923056 186.81343228425578 333.55072213265214 268.96352498382197 76.63214041296325

561.6771097666572 501.252085286716 5.084151835189592 -393.8772461493585 -169.59316026508893 426.43928200445896

567.5040005790547 504.1001881255779 59.211008470656864 282.38483872366754 159.97148497316815 440.4016439054529
323.08043957334746 419.11621629685624 68.8288832532696 319.325998913085 165.32055071717454 64.43352859940865

563.2644446822861 502.8147691720046 158.41747618538565 -227.12657733458852 -51.231150977317476 424.1774683839837

286.78989020441065 407.29925614943977 -128.1877497970107 373.45607791100906 215.95999740057562 18.303342665938306
412.06618705394743 450.56661384005065 365.61256305022357 -192.23928733402835 124.479307077682 205.35654998715592
437.19762988203803 460.2428106552133 326.9907650932366 -73.76128639112648 -91.87962860844382 251.3935559242777
467.0021158307708 470.60152207416746 389.2128188414831 -319.0317199951596 94.44539199420709 294.83785733690223
428.4964921830751 457.10747040669827 261.91325261318974 -208.76280261960423 -127.71264143866918 234.8063719594076
422.2444564849416 454.07314511556314 48.109874742371325 -351.68085689565163 -3.9604202664334007 216.1739654355182
362.1670704420486 432.18718509187505 228.6185302076579 -442.62760952864744 15.469419413639429 119.91850894069212
529.3807211070151 490.0487012375725 98.3845178989394 241.29615170866293 112.10542052087217 369.2380415826565

318.63526331626406 417.1184652120548 133.25028820997667 240.82016684865667 203.46744533511384 58.02587183079626
380.88822465086326 438.000486173049 24.48077463440159 -814.9888734063984 -17.575649878873044 142.24560330756998
396.6511190712216 443.01689911497124 207.44425878535412 -591.1034693461555 -221.13479915244523 165.0171304873328
396.6511190712216 443.02505454481667 71.50771912061957 -669.8129578960492 -92.1443868117945 164.80400898026656
461.7098756853365 465.8612636130929 162.14139622167698 -290.63544440695176 41.79112904954268 261.9313273855033
412.06618705394743 451.00892792875715 373.15229891345797 -388.5037226376995 111.2416266520998 209.2943199105841
438.5769620952716 459.8667534757385 418.22397756959225 -314.9996325942084 170.76668511658016 243.9800318252444
418.9654742026425 451.34775327354885 213.2544910794488 -216.41338908690435 161.27922280546625 196.98966709598486
546.5948207931988 496.20154314692655 229.10671024942428 300.04687278132866 145.22912164605705 396.86158207723236

464.91870714048656 467.0660170790815 -42.31821771798999 -485.18440280350603 -177.26127515246392 266.7915539258042

614.5043635036283 520.8707191897572 147.8107808478772 289.1859472474623 252.30748489046024 515.6242574655313
370.622809244855 436.6293174962971 330.34715280374417 -114.2995147102322 244.58843057237533 155.11362924545392
484.8900370910689 478.3837562509384 111.76092491931959 206.20304605264982 131.82799542240147 340.73139481892053

402.7135812528651 449.28832815971776 -106.7048408235164 240.43291425888302 171.32967049892457 214.114831119762
406.56020933564474 448.4227328167683 260.51800871870563 -503.1511623232371 -11.330836667335484 203.99447082780085
318.63526331626406 417.1124331523621 -71.45848609385548 396.19274115366073 202.7429262739019 68.15127102394455

286.78989020441065 408.0093447531616 -102.05341917373939 354.4400016485836 214.43152605614065 32.17228521243842
362.1670704420486 433.9604721654733 259.14734049285613 -417.9221444065741 116.35840081018192 141.18176232147073
394.54577815143836 446.4289452519437 114.75887103916027 -784.3636937340053 -90.01894848554423 192.36942974584568
413.8361447638875 450.8883224726047 339.7259207581763 -566.4864631318829 51.020440579823166 201.16800401753858
557.1773731735835 501.00104195561744 303.50165954724883 -360.1470940646433 159.74992371551093 416.8725803311214
432.9416684401584 457.01236140025514 206.77431176339195 -673.1367410357371 -5.118966570166836 229.15204844460092
390.1972669574645 442.86386264021286 227.34490653042795 -653.6975356690795 -16.6906246068825 170.8234596281038
396.6511190712216 444.9731162273073 106.15125326467411 -275.85737425722294 -213.50509862160118 173.71100980661612
380.88822465086326 439.3158847930462 186.79373360524318 -174.47107754754228 66.3743080154737 155.5799824952913
500.7965065540377 481.09815799034504 183.2995717336693 187.98099603407056 114.5675011918881 333.7214071773811

586.0501282589169 511.6414190654524 264.8486607585531 171.8034355868782 174.04739521160815 463.83215776523974
412.06618705394743 451.173724478826 333.10032506973454 -375.82288167020215 30.211573147853137 207.65693434693895
438.5769620952716 460.7263015035774 383.18934409743093 -239.86061287213863 114.16560839372212 247.42765124536646
367.8829118260435 435.0634061661435 86.62331603902324 162.8681393606988 195.28536479761618 121.22725026395462

249.32054526026954 396.5499998882605 -38.058602740234825 -284.3297695282535 -7.64646992678108 -21.444232298164696
356.10460826040514 431.0445650530078 279.4399509943039 -282.37864866245394 155.4923381057655 122.11695433464271
432.9416684401584 458.064116495225 194.48922924470847 -189.0279846039803 -95.26705702620882 239.05590605543563
400.73331852324714 448.5720133376109 122.3553636613586 -386.5365946906332 51.4364260081514 197.12392515047077
385.6510295497887 442.89236995684115 193.9945917861779 -501.3391394848281 84.46624350193171 174.52579597256093
425.4193263163997 455.1035066794915 318.26680061209055 9.222241232579416 -1.7506414623182267 219.99332501550924
400.73331852324714 445.8713217840079 175.77505453977426 -297.1013004289348 21.77169495593377 171.28157934645932
359.1817741270805 430.9270316966428 0.8027203266556626 -339.6238138528981 -100.73755442244739 115.96460646702214
375.88718259339714 436.9390577251939 77.57392751935366 241.42229655609685 145.03176235369926 134.94709417948906

634.7214062970214 529.5447646964406 210.48280812946868 214.64039085700435 144.63292704922915 547.9301510402493

478.66580620334685 472.61061349627187 132.2664460524177 54.385028133671476 124.34113194623914 288.7906859760101
459.51198501345897 469.6310684671641 458.6752122746474 -873.2328091546141 218.8876614271889 295.09228078568015
563.2644446822861 508.4498223634374 18.1001631411021 257.63516729953284 143.05558694966862 472.89639254120897

425.4193263163997 454.04762277549474 -213.88175180605185 -191.70663449874183 58.00561322212413 207.66375978657518

462.7909672957581 467.19291806059806 -332.57201667114094 -566.5792358372439 -259.721332436345 264.4752519582761

479.57905455967415 473.21200490521056 -124.10685008531016 -15.92828968256532 76.82109094649148 290.4450921643373

537.3424839034842 493.6122763582825 -13.317643182662536 30.592306557767973 75.77266357529074 382.57359663792096

511.2590016619249 484.30191397496236 -14.9253039983986 -274.6541992190217 -127.02137288178186 341.36614996521854

327.33640101522707 420.67401358119963 -192.73375239207465 408.66199951744244 218.94223151097827 70.02906154173193
390.1972669574645 442.8752864457315 290.0334308851552 -184.1961980487804 92.10269587393408 170.01177978904224
398.71304779149517 447.94802925167295 263.6527751246137 4.680324767482682 119.18155609934699 195.41217984462912
565.2138241503862 506.88290521016376 223.83065797065848 -339.480436236751 -1.226391927205516 451.22652594984356
475.8749273916392 474.8833942536228 397.19779262731095 -457.188015806073 91.72249096002957 313.2739762207837
426.96974496999616 456.52578809527915 343.7126825582705 -143.64567171691067 -43.00239789459408 226.9763579382292
520.7297968160868 488.1715547241635 153.4772533755978 288.02424335110743 119.21900218971615 356.7757651284703

359.1817741270805 431.6173996517419 -178.75790711791697 378.5255803665519 211.57391256263466 112.76006859240691
387.9499813722586 441.58375517100137 102.16333348076623 361.78038117201584 144.57333854203284 158.94457255959094

513.8735296723571 484.2080143342939 117.58384235267397 -259.9198418678532 73.88122355277312 347.7514304583011

493.15920867558026 476.72783648786805 -384.4725129860823 -469.79322701679894 -311.5339474173077 314.3721005194199

532.6418796658911 491.4963189534757 131.76376973412766 -474.9110158935802 -34.241363148509464 380.6504510717397

459.51198501345897 465.6267740513213 67.84633700032761 -1209.2015045856942 13.029121056125032 265.3238677752563

498.56593080260785 480.1678422593753 27.26013691993564 294.87403745938593 193.36991741206816 326.1925194362006
392.395157629342 443.47675748405334 249.68734306559455 -742.102786654163 -37.92446489882131 176.35165171265243
451.4150787600923 463.9455801124149 415.538522457369 -225.17468136631993 134.9418118044721 257.06791384590923
408.42942263685995 448.8233951329557 299.1654653143019 -175.98368462253308 36.4749408906937 180.81398355158055
387.9499813722586 440.65282679717603 200.30443705023012 -180.06783617598572 -142.303905923935 154.92529636065257
398.71304779149517 444.9264343010098 18.805105523020114 301.53392917349555 171.82035936798485 166.89247870093476

402.7135812528651 446.84779273153634 306.69297866658684 340.4788260496741 255.41018238237965 178.29279638671545
342.7514689979529 425.89349214815496 -20.677511499856486 234.50398155620059 38.37312320487738 86.97718085996311

527.709373009641 490.0436908333772 110.92025154406781 296.2351804249934 183.37802621331164 366.76757258545683
406.56020933564474 448.3176679228536 244.485313941041 -235.06355832859197 -114.50830373433851 193.53108039686092
420.6184043977636 455.0044136462445 130.92705734033973 -143.61285950021025 75.5881984104542 230.1777025463156
406.56020933564474 448.3369744238036 318.462190987354 -578.2769617399869 57.86152086641355 191.81944935323486
434.3805421853684 458.053977689289 304.37273341069096 -437.3235919026083 99.75925227829751 228.7190204656327
485.7484114602081 478.1374671061827 126.83271766440728 -88.95554508275495 -86.4397677745912 330.09984018780045
342.7514689979529 428.0596559674532 225.5153017216395 402.0185031604669 310.37894863593203 113.05821316151075

359.1817741270805 432.0118033863903 211.01010208657246 333.6258550189349 265.36349026573066 118.11973910343865
471.04306966455846 470.8081238025767 131.60652682238614 219.90220148441693 130.45818269789743 278.66218372194743

507.8916801512661 483.6739397483408 0.20633410331002278 -420.7970671634012 59.2411905344605 335.4465136147834

510.59454739005804 484.5030467520834 -130.06142541368328 24.46567263279803 106.82646050066897 335.84144777321745

458.39465495364647 464.02099396448176 -114.85715949343029 -262.1152561474536 29.153664680109554 260.7637540110203

531.566600488265 490.99938886779546 114.27576836446154 224.70891732989426 166.8402692128085 375.5515428574661
452.6126978647638 463.98131222010204 194.35949247142125 -93.09026000999386 75.14884674532946 251.89230087662628
292.8523523860541 409.6875594190583 64.50618655833699 -91.4157206707199 40.55659005839356 28.072983817122022

