9.531017980432493 468.6202049359998 321.8141021448517 749.0351139222628 550.4663990915417 278.91029677968754
378.4189633918261 437.12832949683786 254.0545934963769 -213.04491065304393 119.7422928200481 149.9425394517848
408.42942263685995 446.75483414129343 250.29855876011115 -198.66788110091844 -63.50382172929713 191.54822561763382
303.9749158970765 412.50575455187703 -150.0307935620753 340.39736837263484 191.16115943323962 42.73245134652733

515.7905212831291 484.61012639525404 -218.10874086287333 21.988331422192324 881.82041769674 352.77896102276657

552.9032183358564 499.4789095791388 233.76828435523856 -163.36339509299626 33.368195232228906 421.33801470584535

378.4189633918261 439.10890097532445 -51.12117991626254 301.4685065762959 188.6551380339498 164.69992265740845
460.61696863211756 466.5962325231849 209.99574055023723 -149.87557453437987 68.7473062212794 275.4205605153546
367.8829118260435 435.11662781348326 279.2690681159508 -471.2582851988058 164.28984512777382 149.93414132254514
394.54577815143836 446.68585321946966 280.6431722459536 187.09312125479397 163.34510372138203 205.42684625817813
413.8361447638875 455.78495383422603 98.8814043534476 -119.10766306843763 236.7014208791496 242.897457071645
390.1972669574645 448.4725982359562 372.0528393152416 -10.604699788982874 280.96782944251845 206.30918777885614
398.71304779149517 451.89926100677116 447.35771569783304 117.83131351325913 395.7752085985446 216.16582652907024
583.1882477283517 510.1954272458837 222.7399617580763 -68.3888123275708 176.5219764602258 465.05874410819627
497.8112102390696 479.271685289208 89.85884672263246 272.0083736564534 -162.1656883324617 332.0854224981571

335.34067178258067 423.07873469790485 -171.1328963142867 405.5830098161651 235.34759374178148 93.09046797672684
435.799005684564 461.54003259036074 485.6036260021655 -381.0541745241535 787.7259192783247 263.333254489797
359.1817741270805 436.29399083104136 -41.796180318363696 -124.92868930031618 -121.07715645284934 155.86256418323444
415.57531903507436 460.18017569429645 440.5496771971375 -206.55816212876138 242.8327707193568 263.5548648318591
404.65538983857516 456.5434095224791 445.3897298053624 153.2793918525589 342.1276168758137 250.53908164912406
356.10460826040514 434.0590151580426 35.73103729073228 105.84987057722822 2.3091138007935275 151.01889221953707
417.28476237100443 456.32198681260024 254.00921551262465 -233.18472859582272 161.41384382749314 250.23145651495034
428.4964921830751 456.2175930049867 485.59424802896115 -562.8589244499788 311.5761159691642 232.77586505836047
413.8361447638875 450.25343946400585 214.99347570945156 113.51968452304683 834.8394246287298 192.78668588500724
392.395157629342 441.51132850032633 152.69945379156755 -98.77225392491215 -228.16450900055628 165.3039603428143
375.88718259339714 436.32695463989313 91.43727188701915 -132.01884344494826 -83.0927096490087 134.7374847262413
445.20190064939163 460.10291072302107 136.12105043010766 360.4073968354037 140.53412660092505 241.15814270219272

423.8444906195857 453.8627034337537 104.7166861531661 12.52550288276462 900.7082482990528 226.05915320384597
383.2979798087693 438.9353571306577 321.49712900393433 -182.93708389130123 103.57464987482814 151.02468209305252
442.60435200906556 460.09559975824175 408.53876333348495 508.1303875020514 412.572032764073 239.5998248935586

375.88718259339714 437.88082101052447 282.65704346543265 462.4406154088146 298.7651583088589 159.33642409260483
420.6184043977636 452.6221420906337 156.0889237726684 248.1448466951838 180.3210331243879 213.55233927489635
398.71304779149517 445.4394594576172 292.5219545730318 -47.562541919880715 125.4065010413782 191.48761975709067
359.1817741270805 431.58090213667003 131.84584624353653 -37.03122859811525 -57.19636611059086 132.11758326663193
385.6510295497887 439.98843487275457 42.108000539885744 -375.8389371144113 155.31048017979728 162.05861403132937
383.2979798087693 442.4087252990805 393.2753947886735 -93.83391088413737 257.9682909302437 181.11965657627061
303.9749158970765 418.90825320820824 163.89843788262948 594.553893845868 459.47031870394596 92.06591057311542

545.660234551375 495.0325773655971 -316.2246772010627 308.3778652264583 178.63149533376057 400.32639624556447
356.10460826040514 429.3311888749029 206.3671084184119 -352.3400824569921 83.82286410415999 112.3498428421195
423.8444906195857 453.07168190698974 287.26740858961733 -224.31699055268916 66.45919047775286 210.0949849620178
373.2896339530711 435.1470954716172 -8.090918399884405 -249.95179158208308 -81.10960778169404 137.31438642690554
479.57905455967415 471.7230670240049 165.92669154108782 -431.4848411931578 -15.97133062681381 295.3022367459556
562.8699668531846 502.0981531580105 172.73247849229426 224.01706522435097 62.47767452352557 433.0189026330195

445.20190064939163 459.9712727665275 -162.10250382786614 -222.74882571467182 -307.2690441871727 246.9121723077149

500.05849582427544 479.8508158650092 -7.276241145104015 362.90019033518837 822.9821458182048 326.34788739810404
392.395157629342 443.53644744061853 84.04021089216076 411.7140041055115 156.30567611792077 161.21211771458752

583.8313367613807 508.594976147229 80.23923499817765 224.9932737164864 146.93634496342486 461.8821745839196
428.4964921830751 455.81578100237977 407.9181147824694 -63.05121671999142 185.13967651935326 236.97086830920574
518.9060380611087 490.0581875709622 128.1963579860184 -259.2986053104175 128.8782260963063 390.45360252072004
467.0021158307708 473.06562818398345 244.34069491560643 171.55629410558043 -6.150891708102627 307.66116786779173

474.9270529961849 474.75559499597557 -241.37944496508763 126.769821287703 -90.43728434899656 311.21164457767145

266.0259537265861 403.99536608200714 -128.4413136892234 362.25572140726644 218.60201092370684 23.620314314022895
356.10460826040514 433.0685363239613 266.28566619047666 -348.3739497271923 158.56490555109764 138.27184035710516
610.6577354208487 523.4140052568887 -12.488632476605794 282.8964974303887 225.7050199536405 534.2260473011703

558.010711329498 500.3750396811366 27.24936207030742 335.70674807545714 189.3126735070539 419.7946044389042

484.8900370910689 474.42388014844255 57.97818186319211 -181.16257026265367 154.25680433657678 310.2078513154002

383.2979798087693 438.2107803483319 -169.24479063634917 108.65566826717317 -88.64274489949517 149.81445220318687

478.66580620334685 471.15378980293474 31.75538450762309 -131.54206008586172 891.7110750529209 294.1736171711125

489.93312245375813 475.3266313586459 45.19931613808527 161.52083130230716 207.13536904764584 313.9821629492944
420.6184043977636 453.30239128612726 312.71348503871013 -351.4974189296596 40.75209960254523 227.58721358932786
458.39465495364647 468.5243472273487 83.15257554928681 -272.4743896190407 44.30609841087224 297.0754495851652
400.73331852324714 445.8094461197593 279.5088264400491 -152.03492154120724 75.4387676708802 186.36129140094485
335.34067178258067 423.4918764972305 -127.32703259305582 361.4655626837009 188.10971060442597 78.51713459867523

496.2844630259907 477.1505318196116 31.615108412450983 117.84402448776173 -326.61129090169044 320.7807693479415

352.9297384289471 427.5454853121321 -69.89942393867676 335.6596343905324 194.72228634079687 106.12376763282722
406.56020933564474 446.24471068124177 183.39085943305423 -305.22867574082744 74.86794573765032 181.07036493644898
417.28476237100443 450.76421966283976 356.37675927908765 -164.4479733008358 136.569760121411 208.23938305273043
385.6510295497887 441.6624598163273 146.73186007472813 -347.08806045241613 69.89576607163464 178.86619218206854
413.8361447638875 449.4467456648937 302.22763995879126 -618.7784997339356 82.75617864830208 204.1250929949583
423.8444906195857 452.56946600118255 327.26085941952346 39.28945089754436 113.53899542155139 214.55134961750016
365.0658241293739 433.0412498238428 98.65427228549252 136.4034826094865 121.74100602806865 141.84764700391756

309.1042453358316 413.6604876370817 138.95249567917892 31.338781983499906 -79.47865977894988 56.42063616369067
394.54577815143836 442.1714600768772 71.38723289659278 194.4668274120972 136.87967140140938 168.24718499494017

500.7965065540377 478.90905969966593 121.80767205013483 143.62165589266803 141.98849190149537 327.3662008373052
428.4964921830751 454.39816543260054 203.26226369888673 -177.52545180222373 63.11436395786472 218.9994445998421
404.65538983857516 447.652836507467 164.49780217863596 139.60605356042237 33.98637272833208 180.68650134024801

380.88822465086326 438.0754655037527 41.2031949460551 306.63331656911515 188.36928070049527 146.41020613775163
559.2478405097527 501.0577919257787 183.50946739729136 280.78611480267716 148.19871365126343 422.0819478123434

582.54099627779 508.87530848255045 246.99559869901634 222.5375895363088 188.82494225562513 458.4439489739184
425.4193263163997 455.71759540811894 398.48326587687325 -377.69956981800516 183.1230189911385 237.7330727165328
378.4189633918261 444.0801871243359 277.0802268873002 -233.57187263454168 118.81905991625229 193.30847934720165
476.81390142662315 480.09117834436984 285.1004804557806 -28.97154899237554 788.8350485871746 353.39612538666177
580.9042985313695 513.8415084127305 371.2831405362821 -68.38588377428079 336.40078875277203 505.1526255416374

469.04300299389143 474.6123253209385 -4.9897375376635384 297.1756485566258 184.7462497048497 332.70953639422083
359.1817741270805 438.3739672380491 474.2219248305315 78.79345647095309 484.3494245148709 174.5933689588272
526.009615372784 496.6791429292908 194.1199910626629 863.1528235935646 790.2839412814044 421.62405129879363
362.1670704420486 438.4558410641456 307.7752899836392 263.101037876808 820.7048766404904 167.67601514139866
441.2798293340635 464.8984874654515 -47.33354002093798 886.6189901379189 801.946527428395 279.06698703991196
417.28476237100443 456.7452366077192 434.28652708962846 337.2777611253619 804.7131149913179 247.3136296221631
515.1555985152634 491.7932639230682 53.94324419899172 -441.6263313064388 13.688893100540737 402.68510629008034
392.395157629342 444.6008890203544 354.04204597540485 -335.64915800178426 177.7445794191356 191.6093371084334
367.8829118260435 436.49479300472603 453.15661693236785 237.75952609360198 462.57355028006134 159.3647945137058
437.19762988203803 462.8681210113108 390.3899756549485 -1.8017855994535708 431.1170296191101 268.6843127068924
408.42942263685995 454.30467372603704 426.5261472407712 33.217930260143255 390.44128708687333 236.02115459209259
428.4964921830751 460.1543216819124 -26.04582706503361 -960.6874305887876 38.147712901641185 261.3451031623052
359.1817741270805 439.33191750138104 305.6935782900357 147.093688912534 283.3898496330633 175.67629146197874
406.56020933564474 453.807757775774 126.69197547123987 -77.10963025078932 225.6547504763183 241.55662873442404
394.54577815143836 448.42674312381376 299.34727451154635 77.02467550617801 80.70314925942345 215.388179890896
451.4150787600923 468.6185424373169 -545.8864801265133 -350.67579501452616 894.0930853195377 302.4311014080111
426.96974496999616 456.14515169394696 458.3409112414051 -218.85124153758167 896.5573353986315 226.50684007695526
394.54577815143836 446.1512242791584 342.4754475022197 390.51240951044645 324.4316802616743 165.74282337756458

367.8829118260435 437.4593720410838 385.07266269771293 413.20712723031517 221.88543072641 153.98060819237017
422.2444564849416 455.59631481550315 395.5086299716899 5.750889895014337 809.3875394628926 223.2930092762837
383.2979798087693 438.1136783428075 142.7399120499398 -290.32114073108806 -115.72630569334324 149.51452254242193
431.48178849804316 454.0162314276422 153.6374156647523 -615.1835879095673 -95.4886955717754 223.31838235143272
362.1670704420486 430.11353880566725 225.6166687019157 216.22917622778283 201.04051728009034 119.14778534284368

229.25347571405445 388.5534979284797 -2.993401360122271 219.26113796723513 188.1147437067486 -38.892418319139914
410.2643365036796 446.4278956947056 179.7490222387279 94.8820744222121 -57.49963842428416 193.09976675970378
367.8829118260435 433.07390934445823 122.61066950436026 183.65730779035948 70.75063863670321 143.73574117723643
476.81390142662315 472.8133523373327 84.97932958322653 337.19228278957394 98.73807967331788 317.90787509558027

188.706964903238 379.84610424653044 -51.64261920269341 -34.82201313517048 53.665899974020284 -69.6420347955617
469.04300299389143 467.36114187828247 -44.89141454724018 243.92847676610452 134.32890800540065 280.428754516217

425.4193263163997 454.5601193936016 57.94290398185515 334.07573215277364 190.0376369381641 217.9555263303662
286.78989020441065 409.8708488672568 39.09698791135129 -104.57877568094172 70.4970714618853 38.239036963315144

273.43675094195834 405.83131060455224 -30.94144853181608 28.87503876483093 100.50955651006777 28.346525889591582
410.2643365036796 452.1213677404556 279.26089261014494 -308.65154278351076 34.09651835163833 221.9205897217293
425.4193263163997 457.9380035600353 146.43358870516957 -296.0370453448724 53.201102875047305 252.55731599860636
392.395157629342 443.1661821455023 370.69531028840396 -398.6678365047138 162.9398416330407 181.9390540138823
400.73331852324714 443.9818057370368 168.60312828533668 -109.56724977818479 -175.9381804014976 175.36654140072682
286.78989020441065 404.97478848869406 -48.04445730446528 366.712565436669 210.77747758163795 26.000647439371267

362.1670704420486 429.80687964051356 -10.466941710706157 364.32805646460923 259.3813708198575 121.58565207222635
370.622809244855 432.7243569229031 233.4896622111498 -310.99937500272813 139.43668777672087 141.02697299661344
385.6510295497887 437.52764892214105 258.5776372774302 -307.9954535729872 43.112475306878274 158.69185443273204
367.8829118260435 431.71347218813867 89.69139242108213 -528.4536578970681 -68.15291419734287 127.74540174312364
432.9416684401584 453.6861861834025 137.7771053373238 229.51154265363186 143.97644706838523 225.67458526769136

342.7514689979529 424.432676303231 -65.81410133795055 48.41622259143416 132.1438715496199 93.19363590107652
441.2798293340635 459.50564645410503 61.58460601896564 -157.48263126293742 894.3265593015137 250.00386909213466
575.1301990624177 508.4359468470649 42.08539508376745 -318.7936119024166 870.8672862222452 463.75087396863466
373.2896339530711 439.0319920553108 253.68162814234014 -136.98219466272846 92.88411424377416 161.99584000558386
385.6510295497887 443.71844656233026 141.67508157219964 34.032172648603215 12.963219707196489 186.40355556384537
473.00391680339607 473.0078477991463 -256.90786296865247 -82.07260145405044 174.3684159286466 311.8028709982668
352.9297384289471 434.0465712768973 373.9849102220771 -80.56658629417267 309.8133556204694 151.15002084135162
470.0480365792417 476.53690621580773 121.98632249433987 4.082746471630831 -248.70327101008405 339.3471682828887
527.1459912378155 496.3371875198433 218.37984460548046 242.0083209489512 72.6400097793867 427.5775347888122

170.47480922384253 384.5750118612214 -190.33710698896618 544.2819694243494 327.5969183357837 -27.653550317125962
396.6511190712216 448.5649954721257 111.35575635639718 113.93068584373857 278.804952495525 218.9637537801636
431.48178849804316 455.2371484050399 423.37842202398326 -420.38217657796775 123.63270450135259 235.02157128324862
380.88822465086326 437.04897187162146 113.9922829046293 -337.30968872817886 -16.204052371652143 145.97960836362745
375.88718259339714 434.27302869157216 131.18612842609735 208.73019471023167 236.71755312106515 139.8984165385912
428.4964921830751 457.3142288984949 502.18891403887227 -38.639042029605015 429.7593582358635 234.48837521933163
410.2643365036796 450.10109990406465 -7.218054448380254 -108.86430312077475 -94.1599458451613 205.31093990939527
479.57905455967415 476.4533265250044 518.6182960536919 -321.48363547882417 362.20952585810625 322.7836105310982
380.88822465086326 443.04318595976196 5.304448357005674 -278.2644319749164 -22.240346626133306 176.40510130393056
460.61696863211756 469.86461008847755 621.9341037468769 -113.9104886446154 465.8202675330982 299.9954525399712
473.9701078945697 477.49691584864576 253.32763016344657 -110.98867540979094 143.81988003218186 325.9112540431428
422.2444564849416 454.2027776306395 455.375412022026 -152.94801563817748 238.29462771933788 219.7144550283793
404.65538983857516 445.0600536164493 228.33011759534742 -237.32675098915587 -177.8514551368908 180.4911356892378
562.8699668531846 501.9441690136162 165.50676582860257 292.63948759145194 139.5348408291008 426.07584054314816

78.84573603642703 382.373852415367 -66.74046179515332 546.5981876229779 333.58904305710377 -67.43097859856874
373.2896339530711 435.6610146942108 283.0413755722407 -197.1168576551688 139.06631859701625 142.94316487099428
383.2979798087693 439.10376113242353 259.5711327347131 -74.94184362651656 46.183384241403495 162.72185401038615
367.8829118260435 433.78856974012996 148.66538434743535 -115.18575465962518 -156.92160602485313 137.92607046347948
532.1056853517526 494.2401190593323 235.49058812205982 -417.45690670733194 161.99890393035287 408.3383479776624
362.1670704420486 437.5361571164247 52.27419036703742 -373.10671779349775 1.0237440801484632 161.93201199163448
569.7429000684026 510.8481210968462 226.61614981840245 -126.59180507259309 176.74824650279066 486.5749595677817
417.28476237100443 456.7371589935016 253.8288984590648 56.32904979572355 250.26132857416545 246.2019787278026
352.9297384289471 435.3164575870439 165.47949283547396 -111.87945483731201 180.31449752603817 155.69252142929292
373.2896339530711 441.83843865120343 86.00509563911578 -367.208635416185 93.7727191462488 183.24073670450545
509.92564857497837 489.3095159295857 180.91246011490816 -18.066776479675816 147.08311155280032 390.82169010161397
402.7135812528651 454.5131272978305 145.78147268533604 91.23090774985342 171.79595763485028 241.5957765604397
365.0658241293739 439.7145898751791 283.8044754639013 -119.90714675072158 263.11139486312663 176.97671813604927
373.2896339530711 443.34198826924813 219.92230537619247 -41.474144427771265 169.03139916470934 193.28238561009778
544.7168313280391 500.74059308971005 314.3474177640172 48.42939072898003 266.28298706232687 441.6559922290644
423.8444906195857 454.11671997627263 448.9450376688936 -509.48506555867647 189.98945998454096 220.099550973141
286.78989020441065 409.2609083035332 34.756228231363224 344.1989180883947 280.1321060860718 19.47321839612945

524.8601774302105 488.96174982862266 40.52080160981212 32.29135503953532 -134.07844367287348 364.26489293597064

313.98326175277475 415.89055241501217 -193.23632026951245 412.0959455694311 229.83057973288834 54.570903881931834
492.3623917106626 482.0515800247673 466.1187107930259 -272.3597360517372 193.33983283014314 355.49384007821504
511.9190700650601 492.5188022840116 129.35577183704746 141.2461274258736 -140.04128350828756 404.4118823273046

461.7098756853365 474.2895619908002 90.27568113900786 157.21218504989875 44.36896651790692 322.4073827187313

229.25347571405445 398.4115407971273 -101.82625959029932 295.80744851811346 203.01207362307795 12.922121514080734
420.6184043977636 456.31634337199705 340.9081875346428 -238.6012668154756 125.75226711221441 238.17164672471475
540.357787720553 496.7821848277625 -85.14023629105877 -350.40497709578 127.21696873607753 413.82222303421275
516.4214382024556 491.203129777851 234.37661902756005 -310.8222723417471 125.21756012046856 395.00265001980364
402.7135812528651 449.68252008615474 -11.175658078974353 -24.812436626549427 113.98558686074787 212.27387359851613
418.9654742026425 452.44066861556763 339.22505542277173 -360.0603615216328 23.75967859091794 214.23816382937525
394.54577815143836 444.08407602466025 187.04002795065625 -321.3471068585824 -133.2035231640826 165.35257491884278
471.04306966455846 470.31203610681 72.33416908448669 257.4021515143462 147.1352722913519 282.17119149376805

258.0216829592325 400.32627061075414 41.038041718802006 260.3702635152598 211.4304287946254 2.72591856987094
423.8444906195857 455.7393271309378 451.8597893854305 -100.97180770325562 370.082573014798 235.50327163298138
406.56020933564474 450.0955665663778 244.80193033870577 1015.2257350738371 904.4208455317001 214.7331042850791
400.73331852324714 445.54626205103824 122.83330160030069 181.28653038574006 905.7630826991278 188.46227743299687
418.9654742026425 452.2644378792194 127.76458415855735 -374.17549594733475 45.34272046076064 221.56454185553343
387.9499813722586 440.5775775683976 151.69923048304906 -90.88044523636295 72.44619767988395 169.04309592315815
431.48178849804316 455.85069066207734 168.78520551712091 111.04280596231071 73.79948858738572 235.76328664680028

327.33640101522707 419.69263132873584 -163.57250792736943 388.5994965810294 219.77861980881363 77.17943675567504
430.00027991952913 455.4496257889534 163.22544228596126 296.150098614239 80.16053821329086 230.87415447557146

543.2848259505643 497.83964714954976 166.97007600123172 276.4151008451793 166.60857213384563 417.51669040198857
415.57531903507436 454.6418252463548 292.29723862273715 -186.76948058510746 22.34246230469113 235.85028186475614
523.6973736306985 493.8138591080458 134.36901742165514 -342.59154266928897 63.28287637026758 411.8944960847928
367.8829118260435 441.17950723587126 189.35310915281494 -87.47088285892511 98.35269920473793 184.37536283589574
438.5769620952716 465.0000151358622 -35.976992417773005 -77.65522019829233 107.87982363214364 286.6903083679897
413.8361447638875 457.70703882320083 317.43333712893735 -172.70896301633215 101.03346664758301 255.8693394052535
579.240366630973 514.726015940943 50.07307323173161 133.66183394104877 212.57607793682874 505.6210405947125
367.8829118260435 441.2139397508792 383.61722750671436 -435.4810919479081 323.61212186441105 181.181061969448
418.9654742026425 459.17092001128543 -28.606716016466226 364.2334154256815 164.88433528075794 251.8625810891638

327.33640101522707 426.9581652556522 -6.92095914604389 420.2477528161965 251.91517289296752 118.56971984704158
415.57531903507436 455.5746715188148 28.142818063834007 885.164201109076 929.083262190523 236.3245928308432
432.9416684401584 460.5025183402993 228.91776587133216 331.72814853497647 798.620668084991 259.2821749951005
375.88718259339714 440.18243313852014 217.64514217807184 -930.9849311860041 -45.62424565951994 172.8513678195333
438.5769620952716 462.2277845804749 54.14027590631196 -616.8166542109417 -37.756343694792676 267.00501174312035
387.9499813722586 442.87458708327136 282.50212847098607 -283.59289003985697 18.21516416852929 177.5543275559106
408.42942263685995 449.1272657521999 211.1599314182963 -249.82272575111426 65.39511100290187 197.95560489707879
387.9499813722586 441.5715099926124 163.88693758048677 -58.80425942077229 101.6053505792624 169.61016196226305
495.51225841659965 480.9751529901387 147.8353203613235 -877.7662127000129 10.179313767210854 345.0998326078975
428.4964921830751 457.9014974011495 397.29945286637667 -190.6003553121234 169.11998013102868 247.26664752323987
543.7644431769136 502.21720810658263 198.57323887682603 -488.66997023313525 60.679080508124215 445.5423192124815
365.0658241293739 441.18539934613887 85.7149987372944 -245.09539774704768 79.26976054693739 177.5212558179314
535.8000368709211 498.2245223210359 642.4618728074652 280.15488956876055 432.40107960941475 421.96594888388495

703.6500234872699 555.5078818884853 468.29309709466094 -843.6917172397914 115.7222979932808 668.3120299619209
367.8829118260435 437.8720852915323 279.7841682942749 -69.45854297449682 184.76182104799906 151.56002389434124
394.54577815143836 448.8456744482494 107.37173795588562 737.4055734102714 648.8615723063393 200.83683742613596
578.9042318607025 514.2345630228006 255.88520410238024 179.78433914709376 605.3211499273206 490.5089537562567
437.19762988203803 464.17810615468085 215.99770354517466 -255.17192092578506 67.77847533075439 266.5205752049931
356.10460826040514 437.1071201272446 84.61544564187705 -116.39924617566982 78.51019246039137 147.6656495641842
383.2979798087693 445.12320959356987 114.28671032022677 -166.17776612879368 47.66116832391682 179.96313783289258
385.6510295497887 444.5376011105056 261.0465150743711 -238.81224803458414 75.88181580955407 170.68887962703076
286.78989020441065 411.9116405170694 135.6587516576641 431.0640458391965 424.61540728586186 31.971126489192912

370.622809244855 437.91680703290405 300.9967411689113 476.9823020696203 351.47801412603656 151.79333185910002
435.799005684564 461.36642967665387 344.3415420553319 121.82431568500813 121.57735709479707 257.500176795862
557.1773731735835 506.0868587702356 185.75377867431442 -384.65303850186143 762.9266244274952 455.30434145460356
521.330399222108 493.2147231221898 9.516396101303808 -370.9769022686785 96.63279399018343 402.6814552541322
557.1773731735835 506.0317276588435 215.50622253638787 -44.31460094660817 775.5952923966408 455.87402664924264
428.4964921830751 458.4179793243029 385.49042662620303 -587.083472486826 954.1621565833136 245.2856560791205
417.28476237100443 453.6515773650518 454.83131563887156 1064.9835886510366 877.5098015679933 213.98803994302617
425.4193263163997 454.54603958231183 339.567439269821 -104.63985898432253 382.6586230774661 211.07450359782925
402.7135812528651 445.5125662918775 273.4251004151804 -19.658807901821397 151.7118537092335 179.40162871567915

309.1042453358316 415.62861760348824 -65.7671027400402 200.8537490796484 167.65237808515806 45.97973273307599
428.4964921830751 455.0115398560566 172.5672815027364 -45.03052877345482 -61.34419327421706 215.5091496947393

423.8444906195857 453.7689782969725 -209.1906132774764 268.8256185408099 22.799199302500814 210.46589651608855

639.0576181243971 530.296694359191 307.3557461576003 -482.13095999938923 64.32198449376104 559.2662827168401

486.599480426999 475.658341210125 -571.8286151964089 271.04434085109193 125.61745022653197 307.7945172106452

450.2029427068578 462.1231815785725 -14.439637311966836 181.00594683802137 -242.36290858961942 248.07700796269242

392.395157629342 441.7989318634997 -218.5269571602131 358.7850438838741 198.8145265329642 160.71205078157365
396.6511190712216 446.89313857270747 455.6043720503019 -223.30394723012787 361.65462434997704 198.72048507431313
400.73331852324714 452.7569364480824 176.52492356382965 -667.367850476945 141.2332184911819 229.82343494785903
170.47480922384253 388.686470789421 12.323083264063957 516.0135976503456 369.15707007461344 -26.57927787734375

217.4751721484161 391.14343299512853 -171.28748081315206 185.49168774689457 226.80934385286707 -12.799236100983503
500.7965065540377 484.8111884345548 255.26753027134137 123.72679446121914 220.84318305239242 360.3703125193931
484.0242308167575 480.83770766496866 217.46103715437576 -18.82949274493603 169.52003212061862 336.7542508582301
370.622809244855 440.74232273715666 246.00989751193575 -152.3994186884012 163.0890046986841 164.53540196822343
380.88822465086326 442.89010512034787 177.02493272929323 -148.24456112636454 -68.01362051513485 167.4177801521232
370.622809244855 436.90971003714026 176.79883387854264 -93.68600460787582 227.57001896013395 138.0464243895949
367.8829118260435 434.32832538510155 203.725040407685 -327.11162888898417 102.42278874371588 130.5844323655334
426.96974496999616 454.57059675281687 90.76608184216266 -351.0645556089285 -70.44280050609808 216.52457898997827
367.8829118260435 433.8568327280277 150.47901692916656 60.00582314939843 129.79392729834143 132.86115981802854
410.2643365036796 450.11010387660065 291.18001241186715 -371.21766380056573 13.64671558234208 208.7310416718128
504.4070070182493 487.1256600289125 117.4976441158196 -609.378933826328 18.532916065542235 369.7442578375236
457.26469942825315 470.6285337812512 371.19064572572427 -443.93945377707036 10.917578017012541 295.98081111219267
470.0480365792417 470.79369059169807 188.50612466113805 -302.77160240108907 37.91825934655251 301.9519370607283
543.7644431769136 495.0994376890834 312.0106245493389 136.92995586623104 -96.6225390020437 400.11393842704786

534.7583607850954 491.8796920055736 171.59237000400432 292.6560290533592 190.87144083370845 382.25984259312804
470.0480365792417 470.01397314567186 162.97101546548348 -162.61261324557185 129.0560294324872 290.12214027149
367.8829118260435 437.1313781913348 210.16878355051594 -79.26192633181383 90.16044768637076 145.63949320633515
359.1817741270805 434.80834101515455 151.19081586217712 -153.08710529624733 82.0432060148748 133.89988286258725
78.84573603642703 388.67202391318483 -110.92649563428911 535.8459635423342 305.3541994902782 -46.28012832174932

9.531017980432493 471.00771005769576 147.7723680686242 56.10604122499912 739.3853563547483 287.0602834281082
500.05849582427544 480.8203407272396 206.9854577747729 384.8920450613212 310.08603546618326 329.51225350536254
520.1255653704906 487.41607591890056 316.7072424198862 -93.26915430700183 93.08903991201305 366.39381540192494
359.1817741270805 433.3008053433651 260.91796883617405 -179.56599809996834 151.69791245429658 140.50752913026184
533.7057194863968 494.93293141792395 75.48359584778201 82.73721883985817 169.7027272593174 407.5136586677436
362.1670704420486 436.0912462850395 472.20825163270314 -399.14107851395215 1057.6067225441368 158.69777933014203
471.04306966455846 475.20041287383424 253.15542883937104 1073.1565062394154 983.6305007157083 326.7005606588406
446.47580322713463 464.0443620014089 228.47692319667198 225.18358190748197 988.291592228582 276.8838108395693
453.79614362946415 465.9199870193542 12.70412491275102 318.74385939327505 145.98098674512167 284.78140649057946

406.56020933564474 451.81636241107367 398.45410224365065 271.01589226299296 25.986404699996633 221.13527280531144
430.00027991952913 461.0310082802088 -129.15926728806724 -281.7830629517744 108.44538237714438 254.5009271312017
394.54577815143836 451.5434580347496 350.9482078356419 76.54057058179896 317.57616133807375 205.41762667376605
456.12182984589083 472.8718705492484 66.96270316973583 -810.8507644759464 134.29611224819746 289.75986359884774
385.6510295497887 444.82561442706674 289.80199608260335 -203.68938395468126 225.96306463677612 167.1796052493676
402.7135812528651 446.68954918646443 183.4240481015349 5.029012681464817 -102.13030815957349 178.54654093081658
402.7135812528651 445.02753873730876 158.02130928780267 -119.23736639093802 -126.11811222878167 179.35007454129837
396.6511190712216 444.2127021771736 104.99465397415699 -603.9306911160547 251.9400219879727 168.9426574173295
78.84573603642703 382.76462297219456 -36.98509739172919 280.02707820651 217.7330063526631 -66.08108512346985

266.0259537265861 400.79243659848896 41.487980392596654 238.33494207747296 201.57685113566956 2.410478142801085
387.9499813722586 440.65315941520583 172.06835581240685 -109.40614986542624 94.61903984399358 161.77365884101283
541.3430173648541 494.8851261021927 233.83784351703773 276.14509485486633 127.65856547794763 395.9495755873412

495.51225841659965 477.9792374932111 137.21646718149495 195.46696865944133 169.2845169973669 320.9608909627361
375.88718259339714 437.2999913688694 343.00394446560534 -421.54981761704323 253.12387985517702 153.67638540693542
327.33640101522707 422.16474891733515 189.63085912248002 563.9786616579086 439.1587175537932 97.08827096401332

119.39224684724346 375.94470256094905 -94.27834270438642 393.72243850089575 259.29820325496047 -90.72867419882152
385.6510295497887 441.46231931032514 302.49393134201677 -375.2356539282053 121.6515735869424 164.22125435534082
430.00027991952913 457.72590106379596 170.75702242800025 -188.46891368767467 -346.800402388959 234.6981179747738
486.599480426999 479.04289956767155 473.21177715399995 -690.7838370861975 241.24843085268347 339.78988397943965
425.4193263163997 458.1733085940057 89.34896624508835 -213.26223055312977 33.469127002460944 248.0252781301224
453.79614362946415 470.73680047757716 507.6858166354401 -220.2917426140066 298.47547966112455 311.1884774107262
453.79614362946415 469.8192613723683 2.7993306745938678 -451.2534957766776 85.06174586402565 306.06712384996285
352.9297384289471 438.6708513796749 325.4019887632557 73.61330673336174 299.3302716054916 171.47948700885877
464.91870714048656 475.17124920449083 507.360271332318 -1091.2403137945896 324.85021044068117 331.6757484664116
370.622809244855 438.9784581186572 68.35686940923394 -130.51303680869447 -84.97852705352472 171.384116804629
398.71304779149517 448.93842013528956 139.77418875470454 313.9448586838017 154.52138273642794 211.39854410465517

627.1177449910086 531.2781704835595 204.33599644013424 152.75448451331874 151.90133262701525 577.6460844585996
390.1972669574645 448.4324967443074 225.54017557406755 -44.43399977355528 128.2937631245781 212.38631008770562
486.599480426999 482.2459158990155 88.4822372436463 -239.4917978096458 36.454770699513894 359.90998648263576
356.10460826040514 436.05019516507116 184.9972829506664 -515.2999619601343 33.31819177781564 159.91593881803777
459.51198501345897 471.32926783429144 142.50091448910192 -432.006598263976 -4.539296610429219 310.2542976912121
456.12182984589083 471.7115881727523 506.02599993788624 -686.6163047437077 297.40906879054126 315.2189081465702
434.3805421853684 463.8836040264538 125.41871410885683 -483.0061956522131 -3.6060847954572837 274.95113605200027
313.98326175277475 422.18318036605524 211.29283606929027 468.00552947217903 353.6227048352439 101.24401731342758

390.1972669574645 446.90535467538587 268.65910680868427 364.1478689850036 282.61955104870566 203.11256831901514
469.04300299389143 474.7337018223124 127.52853606784743 -217.3215821766288 12.962753288223341 322.20320769920767
575.4792395563946 509.18078258868513 313.6913181386921 193.80524254091554 224.14358423737642 471.88670990399464

356.10460826040514 431.68106899903006 -168.19773691301225 379.10715959776394 201.5743708564282 132.9066346959366
359.1817741270805 431.036061591777 232.74071457963313 -564.1718927386705 64.99141692672295 125.58418571676486
509.252245356844 482.6402819448864 129.0849691230079 -223.44236200207948 29.043011521955698 341.04637991033894
423.8444906195857 454.70325382197785 358.637587193994 -359.3488026611714 56.09318944522148 230.82063467868815
380.88822465086326 441.7094895952113 14.70943598694113 29.800182337099724 129.40638824976753 177.0828053448121
375.88718259339714 441.88228809782214 335.1508889848192 -330.34245569999734 178.21946594000977 183.09672607460124
402.7135812528651 452.06075122027426 36.04433220412641 -785.3452999165096 -26.615836870673633 229.18145465776814
387.9499813722586 447.3914463244098 215.60098400816975 -110.47166854359367 140.71416904724933 207.37125906818986
528.269598564508 498.8158059757795 93.18869035331694 86.94798080875613 199.26250057242322 426.29887664754636
434.3805421853684 467.67809112252775 321.2144033580999 35.6744493596039 278.8599098815824 293.2012357691774
438.5769620952716 470.32970289445825 385.16303609811627 -795.2619952937299 248.07134220799517 305.1273373265216
362.1670704420486 443.947488340043 -144.43728291898594 -318.2198002944508 54.266219381662474 189.0098516482524
513.8735296723571 496.05683627142866 197.27563150995888 -439.7951135899144 116.94429740652951 414.35201862061604
356.10460826040514 441.2352240554121 39.44089836733099 -185.67583568037367 75.9549881202683 176.0447998536686
453.79614362946415 474.0478753111204 221.23726426202217 -31.733268403599702 113.1329054701979 313.72917950191794
437.19762988203803 467.31920567898857 489.0159680538474 -582.5790466130187 980.7998348020021 290.8026135025847
492.3623917106626 486.56990490582405 12.7525588849369 -232.5873363770786 -63.221429111679065 375.7505946253032
370.622809244855 443.6130197065948 39.954634928582365 31.219274889284478 138.77170339945127 188.99495409635364
313.98326175277475 422.69141643302515 342.184766026214 723.3577086790652 571.4850748872979 102.28523867932562

9.531017980432493 470.2046369361608 274.48485897934194 911.4019823696447 518.9170770557013 274.0286295852553
431.48178849804316 457.06677723644685 315.1261481523197 -125.06017182731517 114.51732976946138 228.7976252197092
459.51198501345897 469.8885370043336 5.322945865764192 -481.17144218598816 -13.87093923588631 293.18496464925687
402.7135812528651 451.85016215536865 284.04296415292856 -695.858116764901 64.01535251526172 214.45095122953123
605.6315519427599 523.8081058353629 93.66856098140025 -417.81960902478994 116.49324319756825 532.5340117703538
359.1817741270805 438.7455485658186 325.0747674725933 211.84000601780943 372.4338364158568 160.2603807246079
573.7217250742439 513.9882007488891 182.26934808982796 311.009515095182 420.22663532985655 490.0904502514534
609.9197246910865 525.9618456610588 221.90237646998804 49.004714813825586 168.7612940882688 545.4075609066444
387.9499813722586 442.6057129448796 306.60909232526905 -552.9926687752555 74.35248379411836 171.84648475015706
309.1042453358316 414.88320802629823 -116.09890144566744 373.91838946401714 209.02834925663853 46.238302356013364

524.8601774302105 488.91456380322495 228.03533856569257 217.5343765554367 179.28013114768245 367.0493097809844
380.88822465086326 441.5599854234134 326.80616081419424 -388.76839236155644 256.8963805202328 170.7508061778468
452.6126978647638 465.12708737129964 418.93808961890704 -75.12945783295407 218.74357119028085 270.7268524831348
454.9657476057833 464.4028753820648 408.6323430930602 -85.17062656069142 85.34229407101692 262.76995967788696
464.91870714048656 469.5826457014985 133.211423048451 -324.8944125681304 -75.47740363154344 298.4425136557344
394.54577815143836 446.42118476024297 235.18622452316743 -293.5030632230859 -106.26667371033417 201.23148319758792
520.7297968160868 491.65769588448126 175.34241632360212 -296.14113720494737 52.71537116690732 400.1347657715886
249.32054526026954 400.13451672436685 142.17878066660805 538.0420795520461 395.71919051917394 13.267737126038154

188.706964903238 382.89535756580995 -121.64998263773671 2.717651251518053 228.52569403455644 -47.27902011343689
362.1670704420486 435.3899270125372 292.3126339796405 -126.33508518069378 221.73276900110386 154.52390503990935
442.60435200906556 462.76075137252565 156.55146766678877 -302.2939380797907 42.88683076162598 268.7761621965185
398.71304779149517 445.5004523421435 148.37735729237798 16.698582062725116 150.1139179185151 188.88819708434997
559.2478405097527 502.48619574587644 294.892258240446 61.088499668148124 -1.6218463929446865 433.8032472387631

373.2896339530711 435.8130813302037 -41.29349897216773 303.31999212866145 194.61538684419082 137.85159940975612
425.4193263163997 455.53799403595025 366.3481302869731 -241.64415586405372 114.09807642580954 233.94080252044748
543.7644431769136 499.4127674045387 184.04180980442646 300.02362360083066 149.6146668016836 431.335429636235

591.8356075287344 516.6751061331522 174.39066733914473 7.981657729475615 78.7713833226455 511.0927766674813

417.28476237100443 454.648486488386 -159.99817235767074 353.92081982096 190.48097260560314 235.69141783255523
373.2896339530711 440.6537791731628 188.09781796501613 520.9497476356943 403.1788302137219 178.15026321611452

454.9657476057833 469.27000442443233 -326.06187483218645 -46.74082130825561 -252.9975720961947 301.3229062101172

507.2043922224899 487.6570139033956 -336.462629525223 -294.0477142733336 -209.3482687084731 382.50033902669605

280.33603809065346 410.360101318768 -245.99146090610495 414.47263804217175 231.27716984871273 57.314177528899734
352.9297384289471 435.896230309565 315.3322187736888 78.38558749231397 252.2002047887765 162.40399552995103
387.9499813722586 449.4040095994605 19.379711996985122 15.661212101842203 139.6282299610134 220.6557098683069
517.6714544788788 493.3239389149446 229.8502892035409 -299.92244327054476 185.6843202573357 411.08296107532976
493.15920867558026 483.5013744683405 157.61928842047897 225.77589718088493 -205.27402652609004 367.88408678124216

292.8523523860541 415.0485161513776 -206.4366757318865 432.2491433726476 232.26445173999744 80.64279575340271
387.9499813722586 448.30143319374355 240.10803298903008 -184.78920155391333 113.37808561194981 217.35049211639063
461.7098756853365 475.39165060345374 28.70721134195677 -409.78025588830815 45.31847294350839 336.0250942156929
519.5176607628523 492.2859333622442 349.5494086658552 50.63088238230908 355.4756792586382 403.5072174143131
560.0641715736688 506.77277895502664 165.86439530874435 226.55634373663926 117.10006193487 468.05019610347773

273.43675094195834 408.9780921394008 -190.51728209976332 470.4249271137857 273.89221865687523 52.69532974942358
502.25638649615297 487.14926868024645 333.6909630188524 -320.70858626280335 255.89411672710062 384.8138545649621
602.489932319422 522.8085035934514 169.66751748749883 -137.97824658952095 144.3955684091181 540.7875451108681
426.96974496999616 457.95324353277766 145.18612774600743 -127.49037631228171 103.20158361263603 249.1512452414659
352.9297384289471 435.0026220432484 251.2661008376861 -399.67887098858444 115.74085014855038 153.63539824904967
445.20190064939163 468.261619495272 -35.89455687684635 -314.4837706201343 30.45864126760827 294.88634247514784
467.0021158307708 477.8744208676785 231.87629527009938 31.976488413080915 197.55457141667384 336.3169028126406
564.8269764725942 512.5003909538968 220.76487234072934 39.22994818379488 -207.37988424727237 492.27705734273763

467.0021158307708 474.1347466400826 110.66092491727777 317.9088962045386 187.54951654691558 321.5097282363673
583.5103091983559 515.9043393857309 246.7440338803682 -137.75096993745103 140.57480324134661 510.14884245337805
204.12203288596382 388.31274328336207 64.59695592886037 600.1844710362986 428.1569725674542 -18.7635387685661

148.16045409242156 374.08780883452835 -108.14205662992147 423.53086858679137 266.66220480376455 -83.45125490877095
452.6126978647638 462.8512513359854 394.0542456430619 -148.66509592128165 142.93283569766265 259.2235326018015
402.7135812528651 446.04608418017403 328.15093050484927 192.32086532561635 244.42454164374595 189.64352056706272

273.43675094195834 403.5000453843704 -166.01740018589314 350.48269677393637 256.46300133096406 5.38351498300262
467.0021158307708 470.6858755449433 463.7212708242181 -311.9374344735392 147.27866326913255 304.11547402796447
367.8829118260435 440.5886510585541 -53.23460521929465 -637.0630301293216 49.31347668036319 179.1341048043944
418.9654742026425 460.262469717573 200.14191476526707 80.90187431436846 167.53614176694973 265.8088064887377
529.931686688112 497.33982286403113 229.7379940911319 71.50822207230162 212.73213886171098 427.83233255341224
365.0658241293739 439.14004800058296 127.18790401003766 -486.88150994286906 156.4205551688333 171.42353817330795
392.395157629342 448.72233563370577 209.95059167828467 -257.0947720123533 147.79480906045904 212.92976615926693
544.7168313280391 501.48094508688183 65.17892646975542 -66.68327629348673 117.69215244837186 445.3981887787176
488.28019225863704 480.7527062580364 220.81464022755029 -98.68317057585966 171.5316331617164 352.73151285166057
410.2643365036796 452.7007745213954 337.3075176234734 -52.993905220719824 141.36226010011944 228.45166618541475
431.48178849804316 457.2905998884557 396.1767282436691 -17.821362735526513 89.2019745483796 239.30399289273683
481.380905109942 477.76871836840905 554.2737732551162 -303.44148893848444 401.4275668357317 331.24915397305574
489.1100725401066 479.28401079763984 519.391982191207 545.3641027090032 449.22197672515597 337.5784649040544

170.47480922384253 383.58233381661944 -84.49588173548598 214.02471376750296 168.1241513754164 -43.64725130705835
469.04300299389143 473.15182636768833 182.22647198726253 94.56465493460679 165.53829326646945 310.5739781382592
390.1972669574645 444.1997827001776 180.6263994048097 116.95872633913392 191.2389402007195 184.83370836165153
445.20190064939163 462.1233877928865 344.7989620427851 -149.19500422294038 120.64271155909496 254.26797645617398
496.2844630259907 480.33491678263493 474.6481355585523 -112.87132777564403 237.08391506273804 331.99901244515434
398.71304779149517 444.21791667570255 275.52633055957625 -118.20079832797295 137.88664392014005 171.07619576887058
356.10460826040514 428.3900324057951 -6.180154294606516 -78.84061638849863 103.0382303610155 114.61175961617387
370.622809244855 434.8089391613608 333.34171387103413 2.1328125919847944 173.66358300350143 141.85161433452654
493.9497266262916 479.85641392430523 165.65814058640916 -263.7072986999654 94.20591501227074 338.49113081840153
383.2979798087693 439.32254194529685 295.42914069214345 -472.4922701975487 65.38576625751556 157.63497367894078
438.5769620952716 458.08114269039146 322.46440794695263 -19.86922321053498 -0.2596855359987718 237.96785566156294
415.57531903507436 449.666424492699 183.74866154414755 -531.1219178771732 -7.005641602848313 205.79898772687514
385.6510295497887 439.27266759461327 126.40529514922689 -219.21924251248294 105.6243570043123 164.07003991541785
425.4193263163997 452.8519944911985 204.10408002667856 -81.94352595624616 144.43953275056097 212.53623712541705
359.1817741270805 429.45051867945006 185.24734020930347 -422.3017776767076 -37.50726102675726 117.8669257956033
404.65538983857516 444.52103437356396 104.5305998645103 240.64653747003013 145.07937717424738 183.09415451342284

410.2643365036796 447.44812644826186 -126.27262365846912 373.92770713976466 196.44796977834284 192.4162266183618
551.1410582008745 499.9071261447371 226.38506548346209 48.614532141255104 165.35570388387723 421.4404939521737
370.622809244855 436.1659679229799 84.40202605911644 -21.032694399868827 150.87660892885742 144.33050229028868
373.2896339530711 436.69605938056196 164.0032199993579 -589.7540704575557 -111.95650247359833 145.2726966327701
535.2805551832106 492.5278493319613 169.88950497870067 286.7890077075816 125.90816017459194 386.7165630680882

478.66580620334685 471.69277738104165 -86.42495840595463 -77.84002981703833 -326.15549320193594 294.5765206686518

623.0875070886063 523.5295983077825 107.70496923170674 -75.36715093979232 10.685121867694184 528.8512881600612

378.4189633918261 436.70155094080013 -327.3904064722142 203.1784078604035 51.42413929106875 144.03642874393796

380.88822465086326 437.6791405102076 -167.94579034101778 365.00205212209977 210.0697648440413 147.92906555969574
392.395157629342 443.47604715513114 274.58738773795494 -200.56619372162658 53.85654234145123 179.96741179226078
346.26060097907987 429.60276239837737 -107.17625736645597 353.7429015030605 189.02510329993572 127.34632534114543

148.16045409242156 378.8180366109063 -91.15671545592741 289.58425646522585 217.00482636765366 -58.65525192372451
408.42942263685995 451.41186878726467 109.79369896295302 -421.61631158828783 -2.4835653251579197 223.15747667755815
410.2643365036796 451.3735242525998 127.54865789322454 -99.37876941405152 73.79536035735057 222.03234674005844
518.9060380611087 490.93883219080226 269.76049005867526 -365.10852953640995 77.0772932171121 391.9939640407931
452.6126978647638 467.0046042248809 123.3558967052516 -48.141769955835734 110.19784543675672 280.01414741828427
378.4189633918261 441.6720805893993 252.31602000678066 318.2020697940179 348.5175634377426 177.7788745466988
273.43675094195834 408.13401543990733 -210.84856347408675 -62.36107095534552 375.4591478962903 47.343918293122485

298.568193770049 411.0704983463884 126.2486632527858 420.8703855478717 313.6049632655527 40.6596324746666
394.54577815143836 442.8927542538239 143.26014104448686 236.69302563101476 225.12073281102053 167.02201038219866

553.7727890326119 498.67342005735156 249.51900757018083 -51.647997515399936 80.14281712677698 415.10010414520656

432.9416684401584 455.5972635473509 -82.8537326780205 -65.8036253333276 -114.8217724999651 224.0448929800607

402.7135812528651 448.23776859201655 409.7050924131004 127.53917962071107 189.51408536086356 206.055468393189
518.9060380611087 492.00341382977194 111.78586799259772 -681.843623949645 21.75996248127416 404.84327004531195
560.8738925969308 508.0326701501276 207.74851401388753 -80.70777835851564 106.16721903264373 477.38249728929543
352.9297384289471 435.19689918392413 173.32456943383718 -101.47357842400247 73.16200445202364 158.93121683680954
359.1817741270805 436.8791680381984 223.58507311485863 -334.5792040841339 -3.0827826821260973 166.84322402157224
392.395157629342 447.69094914310523 221.93914506566836 -275.6803108374237 -85.26741059186911 212.28144607773726
385.6510295497887 445.84056269858144 228.92579370315818 -141.25729616357435 -8.664926726343651 203.9704317328882
463.86049620743285 471.68065400011034 176.5469759884747 -763.7770203635698 42.92236150107755 313.04602736724985
445.20190064939163 466.4533423731825 376.67549689134574 -438.8827515882874 186.98242188913443 292.4156760188338
380.88822465086326 444.48325370893036 90.20531619048312 -379.4044588374376 98.65687144446098 194.72071471271482
450.2029427068578 463.9284656740709 471.8404833292711 162.01412052758718 272.02992758178624 263.8341674515794

514.5166187053862 485.2594619162831 147.07964545982125 185.45070056657966 146.59003651818776 350.300273685139
568.6297160315181 504.847763343923 292.9577627888846 -371.28107952497936 39.777589050657845 436.48828903905155
387.9499813722586 441.8650551964607 299.4130852879283 -345.79424323510835 101.88305967589812 167.2002507817299
434.3805421853684 458.3160481283585 348.8366385148255 -54.658126060889025 70.93767127429898 235.32328540688178
435.799005684564 458.14401468095457 258.7688432742272 -223.32657979150986 -18.22715718395655 226.90343787564373
410.2643365036796 449.2896987514961 240.21654008449028 -182.14579416497997 75.01086031145991 196.95066955833826

513.2262782217954 484.75894045494255 190.12657316930438 244.2143207115716 176.10254055101606 345.82233850261275
412.06618705394743 452.62547079790556 429.4247661101105 -395.19083126202304 232.2830131556837 220.4168052143317
441.2798293340635 462.3885229215561 480.8189705479645 -177.5546926781619 246.73186459650762 258.901513622124
356.10460826040514 431.5715751917029 204.033793629145 488.29258529824875 392.03842275721144 108.71094102382945

517.0483995038152 491.01983497530136 -28.404403106170367 -34.771857613329715 -137.98554251844084 398.3601808795588

