442.60435200906556 458.6169727186967 -139.14481997149295 -554.6556348775279 -185.77932082061216 238.33600708159523

477.74414069285444 471.2335433392626 -294.44694911113254 -221.0310011509959 -417.90406108496126 292.83906990839625

477.74414069285444 471.35349793219126 -199.77915934089708 -150.1557911374182 -411.8116188765915 292.9462068772606

588.8323788188469 511.39641951057354 57.65068027047726 272.3876017661887 148.47882882034446 473.01025973650405
383.2979798087693 439.6617533750269 213.97918314652117 -334.84425050820624 -6.025761268687857 167.02444978902588
387.9499813722586 443.53398777999143 229.80546684729907 -154.30032500647565 -266.0845291391186 189.79720508565228
460.61696863211756 470.6574894645568 106.95337827668192 -307.3952586757567 -291.0295472083808 310.1268436321746
507.8916801512661 486.91363418462925 5.7821468715991955 301.04589924726105 137.49627625842365 378.77984350844685

623.7347585391682 529.104209004539 102.14891068702912 246.9930257991808 161.08970527333463 571.269001580605
520.1255653704906 493.3930832464232 243.2604125027587 -219.0638079099402 91.8608985446075 415.5366501000314
425.4193263163997 459.8822571093554 160.31391598262837 7.497778670432655 168.29170485177326 268.4412384632843
365.0658241293739 439.9459946006113 168.29907040527024 -17.904318074060466 165.16383117817168 184.18170153446084
474.9270529961849 476.72297457550934 165.16985145948 -34.296518992155036 183.34517789882744 338.55143642281786
367.8829118260435 439.6438404885223 169.07124627155898 -262.1169755628542 153.38168266721829 179.63906467127077
428.4964921830751 459.780069316181 6.784965366855509 -299.00373596257907 49.7266460974619 263.10864147044975
394.54577815143836 449.4061633210415 389.2847179500832 65.55260024449258 302.68712711268176 220.8242822660207
434.3805421853684 464.0661064614805 97.82834743797025 -305.4577130857014 171.97864709987104 282.36789149982525
367.8829118260435 440.96804461161145 383.180613129637 -181.91613071876722 291.78406971462044 188.56280545165203
367.8829118260435 441.96689346762054 404.2805503785901 130.32462008521145 341.4163428705051 192.6753319531902
426.96974496999616 461.9533227766668 25.670785799688232 416.0536621395623 166.11802881242775 274.6622871527244

581.8895281756705 510.84848707756663 -151.9414384162404 -468.7821431529909 -7.878544084177787 480.52628749370615

609.6725057765475 518.769327338485 -253.98629398158832 17.40323124157861 -20.711743488348137 506.98924972831156

286.78989020441065 408.0201741214199 -462.6384795737197 534.8697156941925 205.25935778627345 27.519445667330107
352.9297384289471 430.48431230939326 232.39804585565827 -22.149538686258378 140.66469893993136 103.62808948659091
423.8444906195857 454.28130520030373 208.25168793115486 25.899889697262505 -76.00374646526741 206.1389937312479
258.0216829592325 398.0668418636238 -130.89981208524623 417.9656405709379 215.68590215234198 -2.694555907826718

549.3472881322078 498.0854401712428 -14.738458686257742 -382.70552967027373 65.46998546586309 415.10981351613407

280.33603809065346 406.93017220468823 -6.413270423829477 260.35841945362273 182.8116301839963 25.067467877587912
437.19762988203803 460.61059853698396 190.79809859300534 -125.08488552849843 53.409190330398005 253.05684573552608
390.1972669574645 446.0012481688887 235.57803359990598 -654.2387885952218 28.238612797245104 196.6606773983735
365.0658241293739 437.9592920845611 247.45142508455191 -89.90978585447078 262.8087052048328 165.12860036168536
515.7905212831291 490.50880450379566 -46.5987750303375 -426.2126629854132 60.08162265568715 391.43302501946147
656.4560496600097 542.9991469581947 217.4991199428986 -97.71902988876707 150.4921056405115 630.6431916572182
430.00027991952913 455.40133994398195 441.0103584664741 -487.55786798610484 179.37837084490374 230.17426092627113
148.16045409242156 376.2427760580247 -159.2894411512364 454.34424882753916 258.91954600697375 -93.22630122113472

492.3623917106626 475.98392528594235 -100.9790425237516 326.43321540539273 180.0261836412323 315.00888335615855
352.9297384289471 428.6239663449616 234.36425489497216 -469.0517986720562 99.81032004971155 112.86617522946918
604.8553514092109 517.1167136377317 246.96100506471294 288.35843992842445 108.26876487475245 500.9391602545211

418.9654742026425 450.0439478208917 -2.3476607251526476 336.69057341073596 182.86039773509086 203.7703293736086
476.81390142662315 471.18709954233697 145.93684249210568 -421.66557848373697 30.484397196523382 301.0017561330162
510.59454739005804 482.7706084061572 174.60896063045698 329.34217998572024 120.70699830224973 342.96228382743

561.6771097666572 501.983854669728 79.55581190753364 302.2937574270668 157.23741083983444 423.01371649625753
500.7965065540377 480.9442040802979 222.31939021183786 -489.11262489103234 37.74376855070687 335.4264963787323
365.0658241293739 432.8945215755357 191.96879480007908 -319.37043329343305 -276.47854967052626 124.37263384449024
635.1060221557692 528.8890395474652 220.80113362343718 257.5708477817995 115.65672742224949 545.6996712790075

541.3430173648541 495.24818537034776 50.91946477754982 -219.90533552169143 17.145267857941963 392.45803792365496

523.6973736306985 488.3529593723918 195.88591704368346 322.57322882548004 174.8102799227257 363.85412102769004
346.26060097907987 425.6225083190966 45.957465033104036 225.84114793871902 135.52267617536822 95.98204520343411

602.2236205774735 515.8850849513766 225.3153972212527 -212.97025465504333 -20.449144322157988 492.92153144248954

505.11372374055856 480.792948351664 61.10607060734945 -132.7680349419452 -142.65413797343106 334.83968635898333

469.04300299389143 468.0374125256024 -270.61408911054804 -25.188614010699407 -138.78385773249698 278.36997690207676

392.395157629342 441.61508155364936 -4.28992315968096 -72.70608595150077 -35.822883759237364 166.81169800761828

590.9440711629392 511.9561687962578 247.49810593626478 69.44000545918128 -45.356568705160406 475.4349666302851

452.6126978647638 461.966984248377 -98.90712209167933 -20.545412919237133 -165.3068804801112 252.46040088625386

526.5794174842478 489.0490928056787 129.2940281267201 -228.40466272701286 -10.210460963903493 374.6318799299223

524.2804656617778 489.1511412834344 -27.61006634572668 278.6333948689167 178.26210392791555 377.9803303995439
373.2896339530711 437.4106615667142 276.5418982314072 -61.92028071049746 -1.7063586187682298 158.58079701697358
486.599480426999 476.8063059797872 222.71642376869468 -544.6295892167044 73.32273667260267 327.7758543102723
461.7098756853365 465.6599335101608 163.1961851805827 243.66680566792235 120.53592578997616 268.1083700861097

602.7555367252336 516.5583216868578 -27.485621726831628 -366.7450093303821 -177.45397757835 489.4289971220717

352.9297384289471 428.24671778308004 -117.53894271159537 388.9926777153313 206.1941995519701 103.90907560914881
387.9499813722586 440.3496875543098 162.6287002482371 -206.92183936186444 78.2898931237206 160.51241257021925
280.33603809065346 404.96219890930024 70.46235768629698 228.19930307610042 197.65500978328342 17.369749649226726

383.2979798087693 438.8644937580926 -181.2861846312862 -135.76102669908633 -126.41445327301174 145.6856790165151

346.26060097907987 426.1708522864375 -95.50726892761743 328.2052410791577 200.62765213376306 94.3567081365632
552.4655808758766 498.324172261714 233.32673623887365 -162.604511809732 79.83467332145625 410.944114876207
448.97593344767637 463.31793959198694 355.3109890347625 -729.7242271611393 102.28240538278177 266.89419140753597
286.78989020441065 411.8086478980833 66.02828338322914 182.42052548279247 181.06935258907265 58.56021969990525

447.7336814478207 460.9826822673927 -164.76829721425082 35.66384406257787 -89.90135812472255 240.69088265797794

554.6348633370026 499.04017555449957 -173.87043543954738 -586.6783026203245 -226.0232877418493 410.35290542652695

610.9025335847127 519.6977563584134 -195.297579007109 -617.33739097118 -215.482490801338 502.9576129711721

489.93312245375813 475.973405553063 -509.4091898797542 -263.69962876533936 -286.8262358764484 306.33364551008947

484.8900370910689 473.75353496323413 155.79375836781182 77.84229637087799 -23.70096967667248 298.4975688198701

593.8854596835685 513.2978834131944 33.520757960744355 272.94633071486135 156.8827879272113 475.1367523800283
446.47580322713463 462.5138948857249 324.1453174613208 -246.65394562847226 -299.7128712125432 259.80330244449755
469.04300299389143 472.8193319927707 33.81522574259914 240.12486871033354 139.23209850853314 311.7708214950293

488.28019225863704 479.0657602848941 13.81717301577897 310.6776613133285 167.8185723406223 338.32289319135106
506.5123479380326 487.8199248655128 195.10235713261278 226.76896928893666 120.00584023636496 382.90475482863525

170.47480922384253 383.0551499921916 -93.70579570827084 395.33975412463593 254.92369573571602 -40.41021039676554
398.71304779149517 447.6761478542402 329.84517632318017 -196.79554589703 297.2896440611092 205.3223315393188
410.2643365036796 449.5838395860405 408.7275798998399 9.055842831476395 212.42822695534068 201.25181931463297
420.6184043977636 454.81956728564813 473.2377733733557 -156.1659906759817 258.8571865072642 221.91278438796854
373.2896339530711 442.4648139678381 135.7458476039398 53.50215532180756 151.29918010222835 178.46073253158954
352.9297384289471 435.7749461717835 102.62060082292935 100.5933277245832 179.09136939601035 150.12915184511405
435.799005684564 460.6894696788279 403.3240763031909 -222.7773021945054 220.3408526763964 250.79602373284837
448.97593344767637 463.6558384153244 414.6650181980762 -254.01788318263465 174.02677880261282 263.29528043229453
559.2478405097527 502.339233031852 553.3235949957071 -136.53852944125546 209.38369516665776 439.513248752486
631.9868609079685 526.3313170355627 271.3651620580873 262.5228661897878 -150.85207616564605 541.8947634781714

426.96974496999616 453.1533664364327 -169.39048535230518 -478.86581118837626 -76.93160589941141 213.6032289397713

481.380905109942 472.20754355172954 148.37531404519942 -187.0945464301096 31.302947241982405 296.36060281334403

535.2805551832106 491.61726884565155 120.96211151934635 -34.26888880570964 -191.84475343917757 383.7165408900768

442.60435200906556 458.7556723773831 -38.38807185631796 304.1000836594141 189.97830591605725 237.03118270401697
475.8749273916392 470.8968446445799 165.83870572253878 -282.6136612202407 80.15707236313546 285.95985965965036
370.622809244855 434.81924934446187 99.00571067141642 -464.7308630598496 56.12110847777738 128.7813559563583
422.2444564849416 452.3397225126664 122.35076406490057 -1151.0019549312087 -77.59465026629707 207.99750334316894
286.78989020441065 407.50017268119524 -14.923717282698204 185.7181903446219 125.24307524499186 18.098647011370353

249.32054526026954 396.59522772358133 27.417028706004864 266.18118285100024 213.34404446454326 -23.990715874275228
422.2444564849416 452.76909156891617 207.87751286919033 -256.052587702591 67.05430465154262 203.80531357349247
418.9654742026425 452.4954732459995 216.2405187660888 -266.30037738709757 -164.93695282555575 196.50081224809205
390.1972669574645 441.9641901850257 64.64828928940638 -463.3930265829239 -89.41044649942931 156.6622822910766
448.97593344767637 462.65889147302454 147.92677577360945 -420.4667331160362 -24.505466316748425 242.35130940797504
400.73331852324714 445.98462431682816 154.05547920414207 -196.35622331375967 111.0133221331081 179.1225454565362
370.622809244855 435.1712270809883 228.17265190249438 -645.8230120045288 16.80627234053078 129.79108550137786
352.9297384289471 429.7920519044027 -27.593070485849715 -656.1577677577035 5.321320591208138 101.71332949762053
612.1176153629639 520.7421780856806 291.494069210585 -227.41279185127885 170.08743169395507 505.6001716173017
423.8444906195857 453.8599679351233 340.77825174457246 -514.1545125400943 46.966626988912196 221.39568011390048
362.1670704420486 434.383843684882 159.35335365609572 -8.56759110309418 -46.46755159939705 141.1545960636593
470.0480365792417 470.42424046015964 402.95273560615027 -104.09741584178234 32.751889791484835 289.6196902991698
356.10460826040514 430.7316418343693 49.77543240767218 -401.70129678028894 -34.017856188099834 105.76026630483952
520.7297968160868 487.1666951916819 204.39186302686218 218.48525799252272 100.05440340312568 355.66001068938647

447.7336814478207 461.2512521563832 23.685586323165676 92.78652897571301 -60.59387097768133 240.5024516878024

660.2587892189337 538.6989195881717 126.22703972157055 -576.6104630162789 18.1329067707331 592.3949941803655

439.9375273008495 458.5742949044069 -290.4291074414654 -374.4879096520527 -346.4805304420455 228.15933801373149

404.65538983857516 446.0413499689193 -518.1141424152951 -409.5993282382834 -360.88233246644586 175.22701321950927

313.98326175277475 415.82454534616636 -84.15462341063746 386.3964349209891 217.6078099452431 51.00691023939762
457.26469942825315 466.92467424987336 412.336038580062 -227.65283455030865 104.4060342201349 277.1988220221054
373.2896339530711 439.4869099004547 -32.37024470350255 353.58836657156877 196.8675557783125 167.0609947456008

396.6511190712216 443.5500500495111 -276.88135456312017 -375.22575656395026 -285.4810571551816 163.28386376535184

638.6879319362645 532.8697320628316 358.7825815173211 221.69444149766505 163.84949969828722 576.8435965920395
415.57531903507436 456.57899538188514 1.7291113754352332 297.7364684106237 155.71028117231276 246.9504889234792

527.709373009641 496.753726910262 79.65753280723283 263.1115187589122 158.3323873204911 425.2156072049438
441.2798293340635 467.190967523725 309.49254802985644 -320.0536592110702 25.307241589341707 296.0111532643139
356.10460826040514 438.6516700546488 199.4833975492134 -146.19835443069005 37.008854575773896 172.11829777816064
478.66580620334685 480.00652149871536 -2.7505502669614135 -617.1299916694434 26.291766553147873 346.85783284737397
442.60435200906556 467.13179307145714 194.1434478742525 71.17602440405231 192.36080505579602 291.9755208272805
441.2798293340635 466.05310330437686 460.50121968713285 -398.30544002402763 214.46773861985525 293.0330888068154
493.9497266262916 484.4197288068078 57.81791434064464 -296.19652182790134 154.4308578759018 372.3053119180428
370.622809244855 443.7377585002052 365.91595231474224 27.63333556193167 350.40722638788117 198.36723398538564
465.9658371272161 478.6120595120841 92.34066210869602 -290.42246601528274 -63.713133258981955 347.40135262713284
365.0658241293739 443.37042408148017 168.7271039897951 -319.3018202671698 125.3314688189732 195.9956910247481
451.4150787600923 472.841419376271 45.286270911430485 354.202097669973 172.4815133464476 320.316787285451

309.1042453358316 423.52937196001903 -42.259710918052626 410.042777078143 251.50789730223494 113.67910263787533
383.2979798087693 446.03042383245327 255.26071593316658 -144.81927647009744 140.37714612181637 202.801879127671
380.88822465086326 443.5551953683264 -8.06520732188077 -196.34276637228734 -61.99269784940638 189.40057667065554

394.54577815143836 446.20847544266775 285.9733110315108 270.5723157763607 207.66603869944083 187.21242626506938
365.0658241293739 435.23465550929944 34.79006678098733 -255.02969768427675 -75.33690745133896 134.30645124050162
352.9297384289471 429.6803018820943 186.18604024649278 -288.914128743725 3.3770270759827956 111.96691540742843
390.1972669574645 442.1860257522872 109.0663238168895 -344.94648189086814 4.134194669597439 158.42011263216506
396.6511190712216 445.54315766568226 345.602481814016 -267.2279454904005 137.89961408347028 182.66206568187937
454.9657476057833 466.01435489602727 365.6337554284738 -171.69388069916008 14.040701784409618 270.6967431204894
170.47480922384253 379.005561085242 -116.5918947575028 377.001825245758 235.01914312526702 -86.2186863927255

313.98326175277475 417.14857419780446 -117.31231908720731 404.5406851005869 239.16049545960635 53.39726432457065
378.4189633918261 439.0265359732365 284.01190321749937 -351.3252771666715 97.59248169697054 152.93997839640036
434.3805421853684 458.2010371471011 369.18738368615453 -222.69196531257558 143.47805136093405 232.7055216930025
396.6511190712216 445.67592367297823 209.87960191351092 -51.520522901396546 162.26366666087176 163.9604401162752
356.10460826040514 430.4558737048753 137.59723718354263 244.74145226983416 94.20713648475851 112.65411240744739
356.10460826040514 430.93654392019846 198.8885400681387 -184.3385781193298 61.300254717392946 109.19547337669717
258.0216829592325 400.8849686428622 -101.28934738565701 412.485758403056 229.5603906427314 -15.32968581687866

406.56020933564474 446.4830379187728 -163.65068941236967 300.3753807244577 -66.38293451255124 183.56644418157043

400.73331852324714 443.2143413845207 -81.81803054461207 242.7846246208781 123.73249418250516 174.13165912524136

452.6126978647638 461.17020622165603 -101.79344987856302 235.4643159957637 36.3677407761229 251.90391625202224

621.999357069853 523.4627234206931 193.1038089063633 54.415473794033886 199.86802180016082 522.4606927855309

596.742796927974 514.3581360134303 19.879307341918746 -478.008040914056 -120.69253286197676 479.8491525741293

359.1817741270805 430.352317740273 -91.0405959750347 346.9954466825668 201.36639074348497 112.45521296189555
362.1670704420486 433.2087925335262 295.08209718079627 388.310491919201 308.3898258461058 131.1680797752476

217.4751721484161 391.2164636871547 -103.6136010462374 396.1537119124169 243.52853041605957 -20.991392792706467
413.8361447638875 450.2161631753836 406.1888465924361 -445.0747008916153 194.14864432431784 199.8882652341625
170.47480922384253 378.86107796946857 -107.79336250732369 337.1651301563619 218.10910515128108 -86.51776534813035

249.32054526026954 400.42267801134545 -180.934303048209 421.1679075092342 240.84638576588796 14.17111569890025
365.0658241293739 435.03713096998337 296.63613711655074 164.29450987126754 281.47170100910114 143.06123299167686

292.8523523860541 409.46330073037444 226.47626528686592 680.0264530811478 502.86401437047783 24.450784112401557
400.73331852324714 445.1936178871481 169.08020217390828 -241.69703803964217 89.8721072835973 169.59794006894114
356.10460826040514 429.1814223902661 49.62846875587063 167.62419901495338 132.78551991784911 109.5814628205478

331.4186004672526 421.4054056586722 -0.11566899747136938 232.80516487288855 175.7967183475847 74.25709971019504
273.43675094195834 403.25345867992706 163.95292406912384 626.4808092893978 467.5314817487066 5.92426320971397

335.34067178258067 425.51639458920505 320.4387159286574 611.2608644915493 458.6378287297194 106.07252083716378
412.06618705394743 452.11803441087665 276.6712409490183 299.1146729104998 276.2408200071481 217.65378913076995

349.650756146648 427.9531447672035 209.533870634344 252.18029541070672 180.35614727523992 104.76627540938208
406.56020933564474 446.05815993326354 203.1376414935881 -404.3374389308413 43.42725917228313 180.23171461722544
441.2798293340635 458.7595951455673 91.40876847539747 311.86298957481483 162.5086073838543 234.86577317912287

339.1147045808654 424.3726313717057 -30.86643198392793 371.72627668160476 200.38632187742195 91.36924077490177
370.622809244855 436.22465989889366 178.18173673124537 -348.01573152696784 -247.30923645119057 144.40328901938562
485.7484114602081 478.0369880969239 92.72371058007212 -692.764244979475 -8.734291415365327 328.3288200274194
505.8154810064233 484.97712593385734 215.46955848472086 -106.00449801521962 75.74267527803637 357.99337711857686
365.0658241293739 436.2532420354182 168.12194578199487 -611.4044992074613 -34.533954719764914 152.5625407836851
443.9115601658009 464.150748819248 93.50141347328336 -40.52048913312418 120.5668294101756 276.5188383540108
370.622809244855 440.2700312896368 287.9412467888548 -605.9132597469611 127.62115853786169 177.03976763404344
387.9499813722586 445.6712514404652 38.28245164930624 -386.87051759275255 79.63620783959941 198.1768894978827
400.73331852324714 450.39362422280976 338.16164956230017 -1111.5412903377485 114.91733948531065 220.7727809883351
434.3805421853684 460.82526223670266 420.2020178250289 269.0920400900401 292.36927118768745 264.21267929815474
492.3623917106626 478.576804577852 481.16509542841186 -16.884267753610622 307.2553418125384 324.2562886642614
352.9297384289471 429.33197841872425 130.8054264106386 -167.78442505708176 -71.86407296029913 110.96192123081559
398.71304779149517 444.8223579605261 2.6131614328812844 -349.9393377217429 -49.51936450605574 171.42286453661518
467.0021158307708 467.3009921567958 166.12792165417864 -257.4067324406402 39.77302046347671 276.6877852405893
404.65538983857516 446.64670722739953 385.40913888413087 -567.3450911809629 232.17692368864542 196.81597088312463
404.65538983857516 448.76732377591236 26.0998376617282 215.6872457294787 146.0214426526842 208.13091104216994

78.84573603642703 382.0693721349576 -61.49405397222092 -34.96877989456214 66.56951530410198 -62.66941264305218
434.3805421853684 456.06944784306967 196.5122250165812 -280.55117149216346 -83.08095326202591 225.07982834178085

359.1817741270805 429.99371231805156 -82.76446508686604 351.33893998271515 196.1614353414891 116.722156925754
280.33603809065346 405.03513278958286 92.96981396085266 334.25217260197047 264.5028990573902 19.935422644546872

318.63526331626406 418.6667216382329 143.39021486256314 342.77661185562516 269.91770604126026 79.1027355139759
422.2444564849416 454.81651154626866 77.39114992368066 -487.3134165765934 -26.806114837743657 231.09551767480113
359.1817741270805 431.4127492110242 189.47408474373907 -136.5990705052514 -114.26829797274736 129.37995482110307
596.1778236737621 513.9031404518897 205.84701943082231 255.4806507702292 -97.6075307055511 483.87001111739477

404.65538983857516 445.98720937448235 -47.19809027904963 349.14468144671804 191.79996830134968 177.39035823926133
538.357721049886 494.21221544815825 271.31764571630464 -440.838635896708 119.39692602436058 389.40242763788183

461.7098756853365 465.80570000217006 62.895696334215536 297.0811892405133 207.24676105284544 264.4200019321545
435.799005684564 458.8116717422952 368.3755010641096 -1496.838970621005 114.45207900961694 248.35141066189178
352.9297384289471 431.9614731680004 24.670210514385595 -270.86630749451416 57.26333764493411 138.12190753646067
378.4189633918261 440.17347403265256 50.923215615205386 318.62147609984663 -126.25908374055588 172.27462936335044

378.4189633918261 442.29385902622835 33.74869461341349 321.48935209951253 242.66642865559973 184.6781164125627
380.88822465086326 441.5797781830304 241.6804638613086 -59.68985379519851 251.79631367875385 181.63052411703006
418.9654742026425 451.76208584449046 437.74752840772726 -95.99367814197845 183.1173354159921 209.6946243196816
406.56020933564474 447.2207995370711 272.46346081147624 -141.58189902733164 40.92088395603558 180.04099576018072
402.7135812528651 444.97846198046983 189.39109964726066 -320.1170089733255 -65.28758196532452 176.86148139886137
538.8615004528817 493.7309940278502 220.16410598104906 -484.6633244597729 88.40454279618888 388.78721057317824
375.88718259339714 436.29644453996644 220.7057853875646 -197.01426847658362 -54.24472055023861 152.53472096307533
418.9654742026425 451.1888915646431 266.98204497498665 -488.5950989352093 -10.945585014397299 211.2920321122961
402.7135812528651 445.0317141212893 38.00455716394094 -485.389389293233 10.613030702874498 175.2996255405818
464.91870714048656 467.0433158093718 396.46177865782704 -908.2666180715386 126.86718234933136 282.4817694863111
373.2896339530711 437.90772478453846 107.59991969381471 47.74110898179467 -217.90782088012278 167.75506034055644
428.4964921830751 455.06536679484435 384.07340650292554 -243.01205341881143 142.67134770716495 227.3992538308067
437.19762988203803 458.2823913859743 405.10002862249104 -126.82710673555873 291.20868969852717 237.03109842672055
422.2444564849416 453.2793895232208 409.1681513568567 -282.73562039970153 207.37970316242524 217.5297943323702
412.06618705394743 448.9448642763959 319.701143779296 -92.73554643386845 -17.38397543828174 190.60086310066205
303.9749158970765 411.22094198761675 21.20181693518835 181.39834012678062 190.98619853263335 48.60294362348184

273.43675094195834 402.03385629777796 -68.81077488202993 376.19742921160815 217.59260233556446 10.076793941392593
413.8361447638875 448.73663774053847 201.88384231847203 -161.21489436633237 48.14524409634294 191.57594729510222
378.4189633918261 436.16643457407366 109.66608149969596 356.8385074688037 165.2363609766768 141.13669210304124

519.5176607628523 486.5486435354487 2.418708081103673 273.5466078832088 170.71800395435932 355.64942504137423
394.54577815143836 444.3863092996736 315.9720970853501 -433.0754971214998 96.46620650704911 181.92395957039972
527.1459912378155 494.2072781942157 189.49779988965562 -408.8302945318917 72.08953233093555 408.75140668621253
394.54577815143836 450.14511332892624 388.07770283436207 -1831.6041597538756 295.22014199788174 219.37779035585888
497.0507503005477 484.5895902560512 13.007014619014912 -394.6940276157079 23.70948268241229 372.3593800962251
425.4193263163997 462.30810251509035 460.1460394421447 -209.0706634053622 378.74928277023974 274.68328783315536
437.19762988203803 464.31752317706145 -263.48108564880704 -139.08262649235525 122.06281867162278 277.85462635574675
378.4189633918261 445.311475873811 274.2357574788001 -790.0713607726422 244.18657064695643 199.09872311262853
509.92564857497837 491.79943298543856 71.1736983166011 -173.24193285890993 81.47476431797442 404.6981115281599
362.1670704420486 440.42417215796297 360.72564240117373 -435.41900165464205 329.8403347026738 177.92901522648728
425.4193263163997 460.44426847703744 -28.869897728892152 -838.1519024217056 14.076930452110142 260.5959443751136
489.93312245375813 477.603054208398 505.8403247866525 -713.0539193934334 153.47056177385576 323.2729042558132
496.2844630259907 477.9867042775967 237.58382175534783 241.59613084952602 130.7674002530255 322.9115988561325

394.54577815143836 444.5130382757624 -21.226760870562988 151.2660510091198 164.43051918291732 192.07369011754153
470.0480365792417 475.31474124868123 460.4908945132709 -423.8472787949378 260.423903393093 330.8608912609503
457.26469942825315 471.85127414030427 32.453273865542684 -173.07397734031983 -235.38664025271717 312.4887066818942
408.42942263685995 450.5577787691111 445.6099995297731 533.9419060602473 423.0447826809208 212.30783770522189

420.6184043977636 452.93117444279574 368.13252867354765 507.5895129877214 381.4468064031224 206.3398517738542
406.56020933564474 447.6512352750804 271.4394157144693 -85.77870268796089 103.160754617996 189.61819268065975
418.9654742026425 451.96798413329236 211.71423934848357 227.58124697570133 180.22631110085996 198.99945416984
423.8444906195857 452.8224755606379 251.82540339282363 -143.81847528240746 -72.94426427963748 210.72024127610885
473.00391680339607 472.1277453397248 380.11214514574704 -239.59241298530785 127.58215204467743 301.51017058474025
408.42942263685995 453.6472714417464 2.3696794689726945 -347.65563207420655 -23.803170111130243 229.53017896193418
439.9375273008495 460.884369881576 399.50688052070234 -161.29287588689257 30.15524598155369 250.17132730103816
413.8361447638875 450.16782172049415 236.7833835097886 -136.3519887855726 29.150927791155507 192.05050596657352
410.2643365036796 448.22183967674493 243.52054417579058 -34.92075032745161 -286.0819590469178 188.91062319414164
362.1670704420486 432.7010789330699 50.15619856316563 -75.43219267159685 84.59519786385327 115.75886713375694

484.8900370910689 474.76276687922035 175.83924560809658 193.82871187203386 37.27551747387904 300.29400110000995

443.9115601658009 459.39756875072464 73.72871317007291 346.2377258374846 207.84243598272548 242.0428144228715
532.1056853517526 492.30488145732403 332.27368053779514 -240.61449140502145 122.70542488176358 392.4799577507028
479.57905455967415 472.03724447471575 147.4937639399162 -789.4455786454295 115.33096388436302 296.7844855203906
443.9115601658009 465.61267174514455 525.6492525336046 -424.15296753256524 269.57517746660864 285.5835571147289
579.5753753195012 516.2761657130477 188.26761470928346 271.286109431367 106.29284716437328 510.5541807204091

426.96974496999616 461.10347887110976 71.57617059223375 349.4937876947546 190.9689444358865 264.5365468339365
335.34067178258067 428.7358004952272 138.54645916557342 276.89579687547365 234.96861048442867 128.69887105420847

188.706964903238 386.30621737773055 -22.326306829094385 359.0319188691845 263.63355807179977 -31.75691187791894
442.60435200906556 464.90129993491934 110.71963217594016 -209.77557547730476 -208.62271621234467 278.42054339015715
420.6184043977636 453.54719657344685 407.83014487873356 -189.9983746639044 155.62926843646162 219.10978703712408
400.73331852324714 445.09172604022547 256.17574474677787 -93.0062394142345 124.95955787351265 172.71518078801523
375.88718259339714 435.5245551557972 62.442397758013215 -61.14843439550914 -195.04066054050418 142.65341287254677
396.6511190712216 443.13211815111765 90.17463957551655 280.91900758595915 163.55657185538385 167.50856224610075

406.56020933564474 446.85344582979195 -59.41082676308746 336.82108267592207 183.79518150716476 182.87239330738555
423.8444906195857 454.4742779589097 295.07543202278464 -376.98894199499927 108.26822215987346 224.27062353401567
370.622809244855 437.19094817570954 163.50793604049773 -302.87414858018894 -2.4929531687772646 154.19569518370542
378.4189633918261 439.6192573818156 144.02628401199797 -372.6477399925744 44.7299040699166 163.56434399262344
413.8361447638875 450.2349425692614 359.5776562871655 -397.9070478658348 124.83410364374232 200.1599094599496
402.7135812528651 446.4353872399121 239.69146327614476 8.666247968605417 -259.93321861638793 174.71180597879322
394.54577815143836 443.021865926195 46.32236091937281 -198.95982531066093 189.98683728246047 168.7164562549512
423.8444906195857 454.17213652811756 204.45054904458414 -279.2589407115456 57.20893175853921 223.190587862298
417.28476237100443 451.3142418411663 280.82366532623183 -208.18734216718647 109.45963144734867 202.38683257060472
442.60435200906556 459.68668033778346 374.0884065051352 -83.33452721033639 96.97350674597487 236.12394521836717
420.6184043977636 452.5188689881107 322.5804321981808 -125.98481291114216 63.19763956728154 202.93284608448494
402.7135812528651 445.7659822839672 193.49760123955994 -309.81972296173643 23.78469334042149 178.2183112012764
365.0658241293739 433.2260587602236 39.017266174295045 -895.9405308558979 -38.51516951091043 122.25264993580114
390.1972669574645 441.28053053206406 123.00059488395468 -304.27986827780734 -24.649293159408565 160.62534878912246
434.3805421853684 456.90926060954143 158.6708475988857 107.32003618102375 68.18527213632605 222.16115233225463

457.26469942825315 464.2283860356427 86.14420667468656 -269.0176932173399 20.428787548025095 256.36598915366505

456.12182984589083 463.57158543957485 28.026555562554282 301.5554910932189 170.3177487594914 254.88027877524794
431.48178849804316 456.8913994841849 401.9039198944144 -738.0457152870058 163.47393798815347 237.89501504033046
500.05849582427544 481.0507987393377 530.6875531379853 -104.73112884680475 276.35777782331843 334.2020021015153
494.73404437239424 478.28610507746953 444.43585288492756 -142.4734739312904 74.82805250462467 321.04173647008196
475.8749273916392 470.8557711588096 114.61682483300166 303.78840004384165 128.83021238580298 284.23176526098115

346.26060097907987 426.1599221165227 -29.614090536567396 380.59412565093885 202.07504877922412 93.25438831954159
385.6510295497887 439.795317925295 133.57556381751502 -189.4578514837857 59.82266640008888 152.04564941391928
525.4365479018854 488.4127022929914 253.43817909970062 284.13756231193184 -114.14351698620312 362.0322411390107

