600.6106823844851 516.8668792107183 128.30372520425192 227.33617621231753 171.3146630113012 491.0176266655286
313.98326175277475 416.88445038280105 196.2276467163302 393.22129806708256 315.6087577180004 64.3453173184076

380.88822465086326 442.0375748972801 -10.175859812022926 348.4662210486214 194.99748728451027 181.45183420218137
367.8829118260435 436.2126839144335 167.78041056407136 -462.8118120017586 92.25306445312373 154.27003322206076
359.1817741270805 432.1107390308359 147.48781476959147 -72.70329807244534 -174.7967467663491 131.90175355588352
565.5991810819852 504.0417229747312 226.3305246082512 -387.1516826712653 153.55214375961552 435.64565078530615
400.73331852324714 446.6270449816669 192.14567138705308 -275.96271585465644 158.79812588162054 190.93449636224668
448.97593344767637 463.5402136691596 111.83577464766911 -367.8941718291963 110.74717024852696 265.81617522525846
418.9654742026425 452.1424212848206 375.40944464108685 -444.8854540830935 165.44106847891806 206.3318305037768
479.57905455967415 474.6154695262477 116.96171558260045 -446.0258292085434 126.47186819538527 296.01361234415066
402.7135812528651 446.5960524565437 74.80801262619724 320.1224710146092 163.34113467129538 178.436359024878

590.0445148720814 513.4557357705288 -114.87603510288807 303.26431141355573 189.50948704553022 474.6909079720093
461.7098756853365 473.13492402210187 481.19910235834567 -472.8878082521878 175.71660304289918 318.5021697610544
309.1042453358316 428.16479950431045 -63.80040553936027 348.6256999583117 202.75821953640536 132.6731948796135

464.91870714048656 479.94502861445227 89.58159805387918 -138.2666115149541 -101.63746364114186 355.4285933711378

370.622809244855 443.1422904101541 388.55619427731705 329.77729451832806 122.82861112261465 195.35402396205973
586.0501282589169 517.2451227889883 52.604355084280115 288.25029721338467 135.94223797016951 514.5869334640191

639.4259426660268 536.8789090698943 179.02532091678523 262.6229431758218 178.76626757244793 598.9896182795521
422.2444564849416 458.4950551581846 214.5971357514656 -71.78470891474743 105.42005897417062 252.98134936389704
422.2444564849416 458.51943164352775 176.12754596194287 88.18333171439797 55.84086846118295 250.53756979997434

266.0259537265861 406.6039912745505 -131.79879365153832 457.39643894776094 242.12881150342108 38.47992775009168
465.9658371272161 469.93674254303085 183.2954357632231 -361.74935194826446 134.8861690502424 291.9031040124862
475.8749273916392 471.6400711379235 170.99604722798077 -382.29918203425416 70.63419726458666 295.5617347198988
457.26469942825315 464.5329992069099 254.14247301498656 -217.7498568613221 119.37941380588751 268.4249917130587
352.9297384289471 428.0465273481706 154.91531387231947 -493.3772180454165 -238.37028122529458 115.96172841127952
408.42942263685995 447.80025217023945 71.45924860178216 -321.2106589615682 -3.970818644534873 191.45869422644836
398.71304779149517 444.7935434793628 248.81623779867505 -531.0263277220671 -34.983313184675694 184.54254180372362
385.6510295497887 440.8462524247648 157.03712000231556 282.5884452671237 251.24017735161655 170.44487814028463

367.8829118260435 435.6198458986528 308.0979477252958 370.31560951892135 271.69084914518726 143.3623519533752
378.4189633918261 439.97067270216917 150.1456037465505 -11.965139306835896 -90.24455543583382 161.50044605162321
378.4189633918261 438.9851578346467 59.83919918445635 -170.9044812237139 47.07870937999984 158.62927445495257
415.57531903507436 457.07396947242455 457.02440584819203 -124.98832522278317 362.9227272039946 249.4618116517976
420.6184043977636 459.7612738368386 107.91405587121797 -566.5592072456627 -39.886614789434404 262.69193486408165
387.9499813722586 446.93712648228916 177.37368949883265 -132.70356803035673 134.48087383320427 202.63587410411944
477.74414069285444 478.90753330165586 270.9966183954924 -132.3891049091153 166.76350296832248 346.1332493872344
482.26979985166656 479.5831306429144 86.91353881080178 -171.2352523568983 98.76109789719013 345.20547793872305
400.73331852324714 448.4730570095203 305.81573851224914 -148.75248131680803 125.37609274560613 203.0353509294923
370.622809244855 437.489391461693 58.55398556790268 -276.9128687254241 -298.3561848446579 148.3370182502487
442.60435200906556 463.91108145278093 374.3747672675385 -710.6982279027283 128.31355394211957 271.58800373440613
356.10460826040514 437.5564099430324 64.22772398089266 -69.3199300034122 -38.92150080599362 166.5620591447194
365.0658241293739 439.65987322266244 -49.09466454673277 31.671752824692827 152.77806939332 173.44975131664054
370.622809244855 440.1224868258713 162.74640777591114 -195.12272300065263 299.62968504282907 174.40259900838709
467.0021158307708 473.3359632286648 -82.41824663973945 -277.9040491274958 203.83556247948738 316.632033999865
500.7965065540377 484.8543539424137 -70.06004253293105 21.43661340366593 215.50127778854983 367.6568524447907
394.54577815143836 444.38426686565737 429.34042539698976 461.02333239822684 375.85376081029904 182.2351064890367

273.43675094195834 405.15545395455615 -36.351604175729804 -428.0086958549914 -11.207929956498942 3.908292874966459
383.2979798087693 439.8684140549578 249.72750955180138 -222.86268374603483 -126.20269702648753 150.73105978406727
425.4193263163997 453.70565594336216 23.630762587260573 343.19643667234243 158.2564655969592 214.92145796379228

434.3805421853684 456.8610406358781 106.80654131384682 180.05498985409932 104.84742096371127 228.08691085185887

431.48178849804316 456.2916290582409 -84.41751903497816 85.93092520728439 -284.67444580651943 224.33139235020172

557.5949103146316 501.7537257155835 56.427503443516045 -1.0437279010889617 15.430365174650895 421.48410213814014

280.33603809065346 405.62012050565465 -73.33549290895137 396.23229846152446 217.69982735282633 13.307645313348843
485.7484114602081 474.5036716010337 27.287715995752592 294.29084320018956 133.17161704230156 304.67944522953536

342.7514689979529 425.2234479951805 -55.363536096779455 364.01858962253743 199.06445311130355 95.32612199210384
505.11372374055856 482.44457992491175 188.39833800412168 -167.21870868716275 81.00217974632525 346.7072153059797
385.6510295497887 442.16361166785543 74.02223718332318 -4.2661532550406385 108.20107628033465 178.33829418667503
570.8438286192395 508.34938152067116 160.68961113563304 -318.890147511155 44.15057146556275 472.8414603295819
418.9654742026425 451.75382006280165 357.7800024822708 -193.81358697242362 126.8248248203624 212.3749735161109
459.51198501345897 465.69447769490904 124.63789065910677 296.5805937538831 54.42174807796464 261.43734761311543

404.65538983857516 446.52355291566215 39.79692018634389 281.9220974704817 179.43971545109304 178.72553269333565
417.28476237100443 452.66085932618563 364.586566200427 -391.02813544248096 192.5724436787482 218.592042426415
352.9297384289471 434.48554324789103 143.5524915550595 -244.30947865876803 -337.7073584635838 150.941628296854
552.0260197285728 504.48339412905926 148.20736197005817 258.04783068067957 123.34613452691516 456.2256745092929

615.9095388491934 526.3017741426803 57.37591845599278 253.5703657451797 154.08649955221387 558.7898564160089
356.10460826040514 435.0453604672885 247.24240434503253 -96.81694860759667 133.79516339635487 162.45842508138526
569.0021559406164 510.27797575925933 140.99646200751928 -27.4146535662871 193.5270486086225 485.9348280494376
362.1670704420486 442.4248584141311 417.8182219931846 -754.2385460146173 352.14572524908044 191.3310654364498
404.65538983857516 459.48665812201347 79.38371444227099 -75.61176393111919 113.48926429873455 264.743824222393
380.88822465086326 447.2537813116487 417.319556763223 -107.1446331742947 292.1610248295917 210.7857758519518
477.74414069285444 477.17707979895073 -23.3522149568114 330.93623604056364 153.6686807368507 336.413422192246

204.12203288596382 389.96690281890716 -186.2158532885081 585.6785450609775 355.99439886230164 -15.542054180611705
352.9297384289471 435.2801378021067 317.1632243441103 -232.93707437716716 241.62927597075497 159.82350890739772
390.1972669574645 448.1878160290688 329.85167481594755 -259.123681985294 242.39602312825448 213.12957766284703
396.6511190712216 449.1661803859303 225.317322372384 55.15523441038417 -112.6181158262136 213.34993757083524
387.9499813722586 446.56895614621624 310.8776188650433 33.696035607199995 233.09677868757265 203.8398026754082
423.8444906195857 455.065739280616 341.80302189954585 4.043396296413258 4.4522570250928535 229.12504768843795
412.06618705394743 449.5033173153952 291.9475164976771 -102.61968696544909 140.45798988059573 199.1735700926792
431.48178849804316 456.88073660239627 166.52172456141986 -126.93828001574681 70.08111690819858 242.01210884998915
385.6510295497887 441.4336255018406 333.39553804926294 -227.3477908206639 132.0836230752598 174.77912452418852
523.6973736306985 489.7395967167584 227.25737795306404 -362.3456601434166 39.08183101814907 379.0450646407695
387.9499813722586 443.2748743212887 409.0692273057055 -10.686942616697968 343.0454590795955 184.65312538694053
375.88718259339714 439.4301058753448 150.39570441297528 -116.74195338120474 92.23020147175023 167.01811148610741
410.2643365036796 449.08810720448776 316.71609702893966 -13.749818672201222 163.26698361080398 197.97067184586194
418.9654742026425 451.0987408120858 224.57921594631648 -219.25342842398035 8.12248108848405 198.1535550567524
398.71304779149517 443.1596779505953 140.17039718790164 -261.93895947683035 -68.29929521761234 172.4506762014255
327.33640101522707 419.46860689288314 45.35506140887053 -74.30085464714298 12.320615327051145 69.40070435940937

468.0277658474897 468.33283145820417 149.16568329440892 28.24583094404785 102.37350501775542 275.53686864973884
400.73331852324714 446.6367868975526 298.9448745243149 -280.4970860143859 105.52684867377131 189.187988234841
439.9375273008495 460.2015536393995 397.1909464752494 -62.35577044545428 104.94792189176401 248.5226585206637
457.26469942825315 465.5786779014218 349.12556436270006 -149.0783128656252 49.08281301587908 265.729408934578
428.4964921830751 455.5431831260986 389.6629916092944 -119.46627209252657 118.15322154708663 224.7110320408798
342.7514689979529 426.5170358136653 78.76069205260391 187.1223307900349 212.11268442791317 86.7813501403076

335.34067178258067 423.64215692155085 -43.39658899306484 102.18955621746315 136.33403185502019 77.45986226717679
410.2643365036796 448.3712476716527 155.34355084523094 -185.27511637117897 24.12790081616187 187.93912480043284
497.8112102390696 479.26292643379276 230.90437135890718 205.9521504715663 122.05259243306601 320.53773373069924

538.8615004528817 493.9365827261227 59.42445617339439 240.73988890969193 160.96141404715658 386.5474935061091
406.56020933564474 448.0025915568728 186.11178953213377 -76.53208677716601 120.44909514419493 187.015084314915
584.4703165712579 510.6429160502122 334.8665285704789 -130.82988799855016 115.2548042775485 461.36301477038774
392.395157629342 443.11418403998016 350.11367411621563 -569.5620853170453 172.06249955227594 180.22450597627966
359.1817741270805 433.74031168019496 84.85776615504346 -475.31953978578525 17.183331294706505 147.7569253730456
362.1670704420486 435.4481650368001 135.5526957350411 -219.52887216871892 -245.235211154552 156.62025541637837
402.7135812528651 448.86946308377657 174.2216373247299 -270.5910044133204 -208.94662809689743 209.8905944872772
380.88822465086326 440.30583302435895 200.2339145281659 -170.0448545741095 -609.3422975870313 164.08417722097863
359.1817741270805 432.90165533638367 -17.541283154582494 -184.16397704046744 -65.63047927839226 130.24638613852784
378.4189633918261 437.93432634374074 198.19405011999564 205.47165253088315 196.27683499138868 150.45030671435924

434.3805421853684 456.70582564316675 -54.63197313065344 81.244922270571 -78.74525888260342 222.51227052595647

309.1042453358316 415.8639562204505 -68.9667501536569 -199.26278371990384 -35.83261822247903 58.46776097973152
370.622809244855 435.5938264427872 231.21482413580466 -115.55732816958621 72.36695774943857 132.8449655830253
394.54577815143836 443.71675713474144 124.79500255466888 -373.7314488714973 -68.83874661937587 161.91933686124688
359.1817741270805 430.79090802295275 47.245289819369255 136.66489585092 115.60635923602214 114.02021880907867

390.1972669574645 441.4685180664424 -281.9797608414271 -264.2033209804575 -194.2905912330051 155.4042061690943

434.3805421853684 456.9049032479436 -190.70765589398817 -140.4706279650982 -118.85920712252233 220.58440740869537

582.2157927391522 509.41063970890826 232.36881870073128 106.79615321619585 -9.651543935869153 455.76489036692357

604.5952732392052 518.2820517509999 -18.697495255622282 -276.6238600598968 -194.2845151570714 493.22451272653075

229.25347571405445 391.2020014487389 -235.33175205998117 469.9494386619179 260.2583390353048 -43.06093435271758
398.71304779149517 446.3220504758759 386.3781196733849 11.13357667213039 226.98070499364619 187.283816034
362.1670704420486 435.1732363608271 208.47645864084697 44.02645622376105 -160.5626338463698 149.93451135480856
505.11372374055856 484.77301129795654 -4.3019631295671 -129.6199039421096 93.50513732185068 358.5483227570938
453.79614362946415 470.3351467493868 488.0081354266388 -75.6574807992625 257.0593690649579 303.5090417174424
410.2643365036796 456.24608222611494 120.65746605107091 -225.89868064573508 -176.93716355081304 244.33933137036993
486.599480426999 485.6054697848745 497.9514566935006 -231.77175115935552 259.4789768325343 374.9757022299189
599.7943513205691 524.0710125541708 129.54780246872232 234.09326188912937 108.57036342949344 545.7241799327081

536.3168338867653 500.53004571864 -122.25036106629832 -328.11031508683374 -138.88451413213215 439.2804778586244

406.56020933564474 447.77042760316704 125.63635443967969 314.5428069613588 178.23602951776226 189.93316223830203
394.54577815143836 445.23684762773985 327.8176773489928 -83.46822859995756 100.89413340160158 188.12113132272225
504.4070070182493 485.58416836611855 129.8065099346153 -554.5697132786134 23.571955052440913 368.31085791229117
392.395157629342 448.67472647485977 422.5568024528122 -260.1596565491853 258.7322308918956 211.47689018640702
488.28019225863704 483.72584676429307 175.18104188433514 -124.78777476000194 185.65811351934866 364.46845052776825
367.8829118260435 440.7991525663773 231.34311975144084 3.440092207468421 149.2685602960963 176.81040339423166
432.9416684401584 458.2028867652059 457.8701740779487 -94.65828366629547 144.28519704698266 237.55972772879136
356.10460826040514 431.4067601087779 191.33469902285657 485.96508847852766 381.1714040949337 105.10696362353862

370.622809244855 434.3551834685032 98.5521498384031 91.24995606229012 117.51086789954282 135.062210326342
493.15920867558026 481.8290357227996 510.9617853227122 -673.3552005784348 206.00502815473612 357.07063179557616
495.51225841659965 483.6051293319517 76.85140345123227 -183.88548758003776 68.76092377996602 366.18763583626566
432.9416684401584 461.8015483713922 97.65436015109033 327.5010220572748 153.3888952159207 270.57840230493514

417.28476237100443 454.5024865609757 413.737259599233 491.9582475238357 356.7338894075311 233.9129817176909
335.34067178258067 426.1520873891322 133.59031376605535 306.20543783752396 253.8744614273115 113.55700780849412

387.9499813722586 442.16114994052134 -26.32826075650181 319.28288138133956 197.3953468918106 169.58971171547913
402.7135812528651 450.04326805929094 319.61684668238297 -137.53237254085587 -32.31420710313447 209.54400046251274
492.3623917106626 483.72068227684935 109.96193101560945 -298.1109616428226 -80.08665970921722 358.2271243372998
370.622809244855 439.4503312028397 212.0710417842887 -685.8848272447588 46.189593633841426 161.45853207261453
533.7057194863968 495.4448609117031 66.3416333229087 276.5917171342162 141.64213804600416 402.7346794656527

481.380905109942 475.84870395881865 -40.60125587526825 345.173262947303 203.31767598573626 316.0702853665908
484.8900370910689 478.22062141321425 195.29585764080636 314.4030721621376 140.27825321297652 326.8369124302431

188.706964903238 381.6502286752294 -39.55089505199761 243.19561626119128 197.0723056671983 -72.70009527116817
488.28019225863704 476.25937418939503 130.71746387644865 269.33366458397865 141.42234039423425 307.2423449736844

273.43675094195834 404.1075531502879 -165.76896577344712 430.9112404793873 237.1650171419982 4.662529174912407
472.02829930885963 470.9353516099365 248.6613344576964 101.16422571273989 -22.10763234735584 286.86966319664543

292.8523523860541 409.72347129553634 12.074956999575704 223.40694523449142 167.91700727540524 27.451163075814218
452.6126978647638 467.7213249266516 492.5506765522291 -314.0441242624431 271.3935374513993 283.63006857851803
406.56020933564474 454.37151944821596 320.9417802561088 1.9075803798021502 29.00768499804849 230.50701052354606
417.28476237100443 457.4890221348194 322.1785176674753 -183.09640609444435 278.4533270540329 245.12740891856507
413.8361447638875 456.5104496120647 322.79785520386184 446.61426059759765 4.7764131512589545 237.26928422310496
385.6510295497887 446.331360336748 318.2719157280091 -182.4017503745427 226.6678471840019 194.92774910627082
352.9297384289471 435.94821610329797 65.70228360682925 -184.49602635545708 148.1610256105164 147.54737097628217
502.25638649615297 486.83649592394636 76.4296315294694 308.5193144515233 121.42600700541995 371.0642049313458

537.8513908542313 498.67445451779304 254.497748124625 284.8228462862367 180.41534591237988 424.95687555914554
448.97593344767637 465.3973791708875 431.3487905622997 433.33515512494165 358.16399641908254 274.61002766636864

390.1972669574645 441.7334815236166 3.9236039393590714 328.8809586618345 218.2152867031828 166.4188399987212
365.0658241293739 433.72599143413765 260.1162020657272 -219.33011367238308 167.02037609480217 138.47285679908273
375.88718259339714 438.58542694147167 114.05494633557942 -388.6282538556411 24.866691939795775 159.70266194248006
422.2444564849416 456.15250299317916 389.3045324435685 -67.68754236546512 265.2024029867431 237.4444613341172
359.1817741270805 435.52484941880465 51.28815751265201 196.47685635919999 122.54034738599601 150.10036582224998
481.380905109942 478.00977719663643 149.21787315072535 731.53147905627 661.6148537847586 327.08659223099295
541.8320158942734 498.7684259330374 179.328130552876 -116.40411475653316 646.6272328793546 421.34514987267886

437.19762988203803 458.36255296469955 97.36004916982573 348.13804306761267 229.65760737381774 231.35029531491878
417.28476237100443 452.2828332706641 287.3436444132958 -325.2396225649058 -21.32087057035786 205.80857036844606
404.65538983857516 449.56064608903665 122.09559037308424 -362.707172304467 -238.8224692708152 196.72844574016875
489.93312245375813 479.56160728570995 275.96764794522693 128.88192732957165 100.01714115573157 332.5371395276594

335.34067178258067 424.36864545939176 247.82895760282221 546.1253677868614 409.9593781761445 82.04786604500246
392.395157629342 443.79015645151617 147.78137324304353 -35.22104152042866 101.53590755336121 159.49028045096446

249.32054526026954 396.96329325850496 10.140453645290073 71.75650662972055 110.6701102589166 -18.00864204002628
447.7336814478207 464.87395600329126 513.9602362745306 652.0732317074003 534.8493331655301 274.1839682351634

188.706964903238 382.11683334714525 -74.83694363706718 96.61154964642178 117.03228226907095 -74.48930713667283
383.2979798087693 439.7300428153432 253.7219719644198 -470.27336449260144 31.559215406096076 146.06526243531272
485.7484114602081 474.9988623481963 120.35119957046021 -312.60671479445045 -244.60118320312657 303.963940523473
438.5769620952716 463.45670112099936 474.46476941045825 -241.60547193884634 301.9014965062377 264.6645542871788
280.33603809065346 414.5021636233494 29.828658561703275 71.89319172582195 127.39178144953142 60.27514227902271

418.9654742026425 454.2276711923743 401.4762761467678 468.8213388363129 353.120231810994 224.95053602436448
378.4189633918261 437.750180093716 232.90686350840662 -91.747952616727 -224.8712722663581 148.14485226619053
534.2334251964811 492.6358552704137 226.3087252363683 -350.0937212352461 22.97311891308346 382.6348367921353
410.2643365036796 449.9693953567378 367.47365056614194 352.1362737494957 296.0214885216529 207.72393541463848

425.4193263163997 456.47273480117406 453.1513172093888 129.40666334073236 222.20626887815408 229.5614651284699
490.7494535176743 482.5400142416309 142.25968534937962 -301.28841194941856 -60.881163961681914 353.503034254579
367.8829118260435 438.3590015214073 301.46109687211475 -367.0478797693427 241.65396388992284 159.11643685776588
438.5769620952716 460.588263152556 311.90892026350576 45.98747031034156 27.843294717709465 246.22513804847358
217.4751721484161 388.55276689728487 -82.43009559935408 208.3993981224908 156.81809138636126 -51.16686812425609

356.10460826040514 431.24400391238635 -29.685262746427426 -149.64346962965408 -119.58999857178603 123.12682452664163
438.5769620952716 458.7033012323287 259.034451199503 -3.4247633466863894 133.96540481784234 229.72723633197032
487.44336729158545 475.5000256497044 228.4706601874083 179.61550435845064 103.82311180677732 303.7990748424009

505.8154810064233 482.89577860243077 84.46368241963593 201.7205937710121 70.79323745885023 332.21350424062786

649.2239835020471 534.7659657103031 137.22898890393563 239.86333906093012 148.95867597621591 568.5503465204014
497.0507503005477 479.39243075157793 172.65676461132514 263.6363201578357 101.32511089115044 325.362485684004

408.42942263685995 448.30980133699035 -55.86120705070543 344.01671345693524 200.20895781025496 189.88783102084827
425.4193263163997 455.0905736034369 235.9273216891082 -170.76763729443672 97.63829015474474 225.72257773692453
362.1670704420486 436.36616182208707 246.7500540632144 -374.38270352951076 49.2449569330518 150.24159325806716
560.8738925969308 507.099313578228 116.90611771996737 283.2599121261886 136.39570916918086 461.33397340414115

509.92564857497837 487.97598857634944 55.279356041912344 318.5450711488369 179.68609378392125 371.2570640062756
373.2896339530711 443.845763668481 418.91718604816066 -132.93138780870538 349.406229659447 184.978156641046
464.91870714048656 477.83370360172466 100.82277383303477 -269.85951272362263 -2.1036470151742326 335.64393907678726
418.9654742026425 456.59287800919134 425.75052651786194 317.2406767153771 286.4664440959225 237.7880950680083

559.6568390349053 503.18430138009387 49.67307904488642 -98.3680401380813 -35.30026046382131 423.5911259631151

342.7514689979529 424.5661319306733 -67.55753215270013 308.8411175698189 197.22707952989788 90.63905676769932
373.2896339530711 435.97659232469744 287.5644333037784 -141.75309185132622 168.34951899997426 146.07091943640066
571.2081277470896 506.6729082431117 209.29002333370863 -302.08773584245836 -1.3371822127636654 458.1013977138116
398.71304779149517 447.57721264579305 349.36021566114465 -167.10152348878577 88.10879711117138 204.5761274782216
509.252245356844 487.31528323730987 163.18359416127603 -807.5920150049965 5.835117628734341 382.382907128248
383.2979798087693 440.00653472796074 307.5313552004281 -183.8688686942806 140.7300660828764 169.98921704108793
430.00027991952913 454.86738622979993 113.51012367679705 -350.96313048580936 -35.5039421217041 226.61345871007433
352.9297384289471 429.5684349467232 153.88595043498552 -381.4332775156665 -38.11309275449119 124.05939174452878
413.8361447638875 451.9044047246421 127.15253982341208 254.43368412042412 134.6566100250501 220.6509033561252

327.33640101522707 419.48332533295974 -57.23247649382357 317.7097033852662 210.84387117908085 71.58082521640715
418.9654742026425 450.1568896325814 188.90067038209637 -39.27621092398081 134.34969142065233 208.0226172237442
549.7987561676604 498.22425484869814 271.2028411218403 245.50550664607673 103.01962909759865 421.0203032111595

439.9375273008495 459.0817086837548 -244.31490068012297 -87.38003033124981 -319.8710980404135 245.46476395246407

644.6195896519065 532.9387803716992 63.64941751325387 281.2806922496668 167.2495004085617 575.427610333825
454.9657476057833 464.7181355942638 202.92078208610448 286.4585222607781 -57.99950197653193 267.5571994236661

309.1042453358316 414.90092644695886 -102.25646990567294 384.06536772521554 214.10804239795328 59.83800991805125
462.7909672957581 467.8358946653906 218.1307927395662 265.16466841890394 123.98535478690782 286.1041128884463

378.4189633918261 438.02675763549684 -49.92053005109641 354.3721644635772 211.09431242322617 155.32874465198242
387.9499813722586 442.5909158605985 314.1398825280873 -131.2692542402804 160.9506706454855 181.94477745369406
447.7336814478207 465.2888823688725 27.683446246290167 -377.8853862507549 -25.274007681260276 282.543700723841
400.73331852324714 446.64579036470616 361.1271657995587 -147.93681831566587 216.1722661223934 189.31214990613697
396.6511190712216 444.68492602991256 169.058708187737 -73.68233605298403 -69.5044692056407 170.23650788427287
370.622809244855 434.7953649531692 61.094463042469584 -113.24661935499702 -88.18849367935607 135.46632262119098
356.10460826040514 430.81524816397314 80.78264753626354 99.88102031415606 172.1976489714404 116.31467438745607
451.4150787600923 466.3896767527211 503.9003981159441 -108.18230639428566 371.26965242963337 284.67992259253026
432.9416684401584 458.3469089311671 363.3003147412407 -65.6495226639789 73.94648148090255 247.96485777793924
385.6510295497887 440.644164482313 333.7535015122091 -321.790091978502 222.32085304047482 173.08838467095796
375.88718259339714 438.987791710082 -24.5674114530885 -143.07736357903477 -47.61920729178092 170.19546889306568
422.2444564849416 452.8308896267325 364.24586651070257 -111.20383013526884 222.71602323627405 219.81377391799305
420.6184043977636 451.8521946183425 221.92243883002965 -102.40752966430529 130.57361250259083 214.28622080542428
367.8829118260435 434.4209963718467 169.73721104867772 -205.8019233077874 -126.72656041771025 143.95392221655058
394.54577815143836 443.6792874655462 296.35526773786427 -150.83196698152926 49.085725280957966 183.89820592234176
476.81390142662315 473.40002676207604 417.9987518941454 -105.46634108016664 160.67109649860998 313.9490113198495
398.71304779149517 444.148855851748 95.23196250313327 242.2755083143151 144.6006366202669 172.21337506472292

229.25347571405445 390.7102224146546 -44.551012584543024 171.1929317171548 145.39152970735736 -39.9302083692919
400.73331852324714 444.80044055247214 115.59459366707034 -256.674591228533 1.326334250541195 174.61036689730767
417.28476237100443 450.45326159969557 195.99767622445933 -279.354571253492 47.768127474360995 203.81041326472777
367.8829118260435 434.59399223421025 215.50204989546518 -78.59630127010976 86.85931463953243 143.59456637546324
400.73331852324714 447.53614451093694 204.3795839946735 -691.5440014869366 -11.89752465846039 204.76252141698617
373.2896339530711 439.0537186481792 130.81441349388132 -183.9672048295491 34.389934435017594 173.25687257824723
373.2896339530711 439.1320734959785 155.621842488334 -292.69965996830103 -157.33718830021226 174.2296707216009
450.2029427068578 463.03948779282723 445.8947264128622 -68.22933686350623 84.11631393268433 262.2594301252866
412.06618705394743 448.8759398460529 335.64670591157864 -793.0930330514904 94.5113386812469 188.6520125828543
286.78989020441065 405.90121985710823 -70.3306105766633 150.8381709218717 110.3223523076585 25.567895967244098

292.8523523860541 408.214112534945 136.0055270869015 484.0397423883334 353.3899595943425 27.415047475521543
417.28476237100443 449.71263069132334 85.67112043058881 264.2018596606374 149.22888912734072 195.37529652418215

390.1972669574645 440.2798502347436 -222.2938922949667 181.40024130589464 19.690926099582022 155.45840281537838

495.51225841659965 477.19909643318994 -391.50942596732335 -370.6978032515907 -257.813777527221 315.41712494622817

423.8444906195857 451.8998406733822 -673.4689940404014 -797.0308947884001 -391.52831774016875 204.8417088309102

595.8941355402422 513.4418424906617 -234.23232541399602 -529.8352131255008 -212.4567405396507 478.3016040769776

438.5769620952716 457.05479715713267 -152.4700903070429 338.04258440531333 180.3882711026398 227.83156834019778
365.0658241293739 432.38060395037985 259.9458393534413 36.80302889899261 149.196207130587 126.75504498038927
406.56020933564474 446.95319183799074 216.38459184954218 26.06056017119872 -0.13127406933513214 191.4876486325217
404.65538983857516 446.6506776943814 286.32442579370155 -320.1298398162196 211.96735622504582 192.52662356753336
484.8900370910689 475.3757040353971 108.37260679270273 -538.9152000636221 -4.920684079795965 313.0156147472615
438.5769620952716 459.05849976184845 70.69409757938949 223.45068091514895 128.27373697669339 242.7882174924556

394.54577815143836 445.6471939292513 369.0817259752545 460.4030524342027 351.8002137401513 196.69386796653455
387.9499813722586 446.6671889945221 110.52453684910625 -422.3355221375842 43.24915387261024 206.01101623641983
439.9375273008495 460.2755048519732 508.78503404616515 -520.188344045359 255.83592652125338 247.77481121759521
346.26060097907987 428.46679093120616 246.19345919111825 546.2040452192269 427.4348763835192 91.37534095084325

258.0216829592325 398.29099188709574 -84.87248427573125 382.8958083233607 220.90333197583695 -16.097678053453222
417.28476237100443 449.5854732826293 160.59356966632447 -313.7596771541391 8.85194821895436 197.10942016286893
463.86049620743285 466.4204317693197 143.88005085358938 -99.89590033007816 181.61705150872348 266.256333067981
396.6511190712216 443.1632794135801 13.070333112592047 414.5815570928911 142.73149567501832 167.05778380939782

484.8900370910689 474.7073995281574 -112.33488518015429 329.23667567016946 194.36520189686678 306.24890677978897
217.4751721484161 388.8175282747425 -23.87122889086602 194.80206451839766 206.1110349602185 -44.62979133024061

520.1255653704906 487.25759324384603 218.00123955116928 -66.11583515152678 126.73397806642237 362.2750375782347
477.74414069285444 470.87801974184504 86.15954590464906 268.61371397457305 141.71430385765674 291.63920429998694

418.9654742026425 450.6771052649288 148.97755858597486 308.96003907951746 187.1167704586778 200.4284949135608
356.10460826040514 429.4397305463165 140.63958200026562 34.07597612347758 106.36703275213408 110.5386444420541
204.12203288596382 384.5603296151707 -74.18109037804804 196.16731207922246 153.98132679637467 -61.25603790449083

327.33640101522707 420.309606650902 142.0201890710877 343.41823980140515 259.5505977683716 78.248447431464
375.88718259339714 436.76162798848407 -9.845707409353434 206.8906240342451 141.20408943698826 149.8148217298655

280.33603809065346 405.1323645296943 -84.14244769830852 377.3294516154908 220.04058799197307 13.367916181967809
602.7555367252336 515.9333043181365 252.0334128582748 303.9119216277842 82.49498727342018 493.8046660810752

