3.4771212547196617 3.5241531781150472 3.2146688025238768 4.083162054742247 6.577891843675564 4.1908127339150045

4.08278537031645 4.648856850361953 3.4573336819152902 4.065788087408578 7.37210151788231 4.713341563169603
2.602059991327962 3.5726153930143814 2.0741232808661585 3.886883258036416 5.687074963067418 3.5073497194516725
3.4623979978989556 4.166791864455476 3.171732763283256 3.019586490033179 5.334535985117355 4.167309811092149
2.9030899869919433 3.683113212476713 2.004957647781375 3.879337761603482 5.340775771983328 3.7260798873811085
3.6232492903979003 4.253237682508934 3.455138638887337 3.560785367045713 6.2969462148856445 4.315508196715151
2.602059991327962 3.5185758473371425 2.1813775309198475 3.7866956603574966 5.692764116359274 3.5335331503600553
3.7923916894982534 4.43936770639446 3.532051100352066 3.6548638343035207 6.801098915660976 4.453467391960098

2.0 0.8643540448995439 1.9646245796628654 3.3821995288121363 5.326564786964913 3.2358342971228775
3.0413926851582245 2.3907198385198396 2.3259226066218193 3.8205311267179853 5.595696277030934 3.8322610032469946
3.4771212547196617 3.517868319585936 3.0967231444218233 3.860540128081353 5.973765413615211 4.182673662928145

3.176091259055681 3.020473045734092 2.8672852108396287 3.9083485211958773 6.187043677001859 3.926944982522107
3.255272505103306 3.370595128593218 2.6138713849508832 3.6502200618929947 5.486468847326782 3.9933877402855167
2.9542425094393248 3.1787200343021698 2.4961836982781076 3.4328397549876426 5.466812706547559 3.760610994505436
2.7781512503836434 3.0584206744295646 2.3152488543677077 3.496533106297905 5.3872005209604685 3.634780791132375
2.8450980400142565 3.05342872970293 2.429791900862791 3.4275676124535757 5.488621973652629 3.682951439515982
3.2304489213782737 3.248348945761839 2.4575276326180657 3.716950241535177 5.303856673285889 3.9787593447903378
3.176091259055681 3.234127279047666 2.7056554198483678 2.459197365607859 4.4274409792921485 3.931652797184151
3.397940008672037 3.4828435456286044 2.294059883502764 3.8330980114674835 5.229975504096694 4.110693626707819
3.0791812460476247 3.0563831514728244 2.615365473860746 2.7376471942017475 4.769498959737883 3.8553225134011577
2.0 2.4254999802910744 1.9476307620946536 2.5709439122302693 4.48646488892282 3.2314924807657475
2.0 2.4311150714927763 1.9359370617324547 2.579423351373281 4.358281282950354 3.231736571421983
3.57978359661681 3.6377915928021904 2.6417377458441464 3.6775552758016787 5.212620171471263 4.272430203615651
2.301029995663981 2.733472103765048 2.0828288505661527 2.3156203879896697 4.129149239327127 3.3491436067024307
2.301029995663981 2.724351002702841 2.0391701147717938 2.760303449929582 4.603348051116409 3.3485388966080425

2.9030899869919433 2.212691117912324 2.3950121681699774 3.3179102647500356 5.147342240822031 3.723803068522716
2.477121254719662 2.3249776569119094 2.1600598055787974 2.90735954429473 4.8864388162007755 3.4403816197646613
2.477121254719662 2.446874356632768 2.144569102553492 2.40915615884602 4.319741315952149 3.4404110113957054
3.2304489213782737 3.283191572777508 2.758426354613331 3.0048966282700054 5.0004953914010635 3.978361441271964
2.0 2.691687433059937 1.9566833858386714 2.4882352131986014 4.200097604492955 3.2322515260259137
2.301029995663981 2.8256886468111158 2.0776996581149003 2.7156177646307804 4.69699495318605 3.3474101749556118
2.0 2.7280301077358082 1.9545022625909543 2.570208024849642 4.404983394232438 3.2321692359398586
2.0 2.7389465448285057 1.946962812169419 2.5047708268799638 4.369279512787376 3.2321406339869356
3.9493900066449124 4.187432240461115 2.8483356001974385 3.706108397041803 5.3304955892556265 4.590523772909972
2.0 2.7758597296739542 1.9542044976293842 2.7264408332746153 4.615273967174831 3.2344795531733763
2.301029995663981 2.874768871479083 2.0725420542299533 2.6778617298725482 4.604438629419761 3.349520833995691
2.301029995663981 2.8517802472038625 2.0777711948801567 2.4446568491925174 4.398870126064926 3.3493002540828676
2.301029995663981 2.8283703079409914 2.056691350047564 2.696257981313408 4.498873167675407 3.349112758565499

3.1461280356782377 2.745288155156995 2.670955845746962 2.7973636923510665 4.785009395362973 3.9139484697090006
3.9444826721501687 3.746603650981803 2.700077426044885 3.5675747972827465 4.950021651090298 4.590436410117212
3.7634279935629364 3.690724795629039 3.234170203092408 3.170448754041486 5.372799826444161 4.429009290119728
2.7781512503836434 3.345501373356799 2.334934896531249 2.714171613747315 4.617061087459256 3.6327146422251655
2.9542425094393248 3.531881174620628 2.595409531536642 3.3882350555647416 5.193295458312745 3.7608903616217524

4.0413926851582245 3.721847122388052 2.9228398499087502 3.5891442896839814 4.525546329337201 4.676142779129311

3.397940008672037 2.936299247655591 2.4710795445883242 3.7582201170341896 4.920700108567976 4.120491700554992
3.5440680443502752 3.7895759460032754 3.3448495486794383 3.2702975753449683 6.048298853974829 4.251861704091829
2.8450980400142565 3.5273469675328117 2.2632683354037346 3.7847284552211224 5.581333276010153 3.701662036079394
3.505149978319906 3.9508485122294577 3.2680036400559813 3.9689594754383815 6.3469587537106875 4.212726811765418

3.8750612633916997 3.114832252632472 2.4745444181906175 3.4774220514395617 4.889580391064081 4.520807683270369
3.255272505103306 3.254938685893484 2.7193937038052423 3.3483459847618833 5.350693338438914 3.9994432035270804
3.2304489213782737 3.4657327557305435 2.5935068999692565 3.6247731735499 5.480638979143113 3.981179095514299
3.8061799739838866 4.450240137869468 3.641426677726987 3.776384196044934 6.441688351349482 4.493291570568622

3.176091259055681 2.854106918750923 2.736359137671639 3.4159208464070994 5.296466169461486 3.9325187853461734
4.008600171761917 4.026366064711129 2.548453805038664 3.434810112408905 5.3962154722740046 4.64147604909757

4.08278537031645 3.324943108847748 2.413637630925371 3.285162285093573 4.331748698421156 4.707310111018382

3.6720978579357166 2.978042143043555 2.3733217616252382 3.017339673177532 4.474135040910587 4.348254223233811

4.195899652409233 3.5515989293927466 2.9276213354487113 3.2846639519438336 4.695041104474789 4.806242592594162
3.255272505103306 3.6337530972813537 2.7880140367255666 3.0669027897884282 4.986984317581521 3.9948356490140355

4.227886704613673 3.924839736751584 2.854825264576378 3.4937813594772633 4.774092453432072 4.835024960675057
3.6720978579357166 4.077757696509336 3.176568604182206 3.519773253384555 5.750267115629149 4.345239071436289
3.6989700043360187 4.245287186205435 2.618333948445281 3.7750877993770064 5.572958176931906 4.37082843373239
3.0413926851582245 3.612069697528727 2.5641751873980843 2.8955822859222806 4.871976368857488 3.8265357947567904
3.8450980400142565 4.2636602331385385 2.8322554914967495 3.514518275943752 4.996883277914438 4.497143761408171
3.740362689494243 4.01366448280001 3.248459171294926 3.563563178528645 5.943231376259091 4.405459068092991
2.9030899869919433 3.548222758540577 2.321758972353525 3.752563910154303 5.57488258202957 3.719452085953027
3.3424226808222057 3.8845948402314936 2.8703608334094097 3.2995308806409978 5.401899016037688 4.068647882504851
3.301029995663981 3.83794519807417 1.912703031001631 3.8187283131056033 5.016194414282762 4.0371616671088075
3.431363764158987 3.93283059143732 2.978411467008596 3.200878563373301 5.364558022865092 4.142857617346731
3.0413926851582245 3.610443622252868 2.457440080244003 3.3393476676531604 5.137800536554232 3.825010761838277

4.07554696139253 4.042898628556171 3.1308840035482564 3.1324644075740875 4.66878780327784 4.699888204922353

3.7481880270062002 4.2383780362192445 3.6690729623427227 4.186669123758184 6.355817676115022 4.427899876476647

3.662757831681574 3.0732865877180457 2.405146681978926 3.3459326404043503 4.941534682794685 4.386679890554923
3.7853298350107667 4.277546512737092 3.4209166513909235 3.6466182374278975 6.335169144169775 4.5055405236059185
4.222716471147582 4.867384125997532 2.4644251031504205 3.654748211546403 4.997804320635509 4.893700764824596
3.6720978579357166 4.244537137551441 3.216512450829689 3.744479828148048 5.925128862783312 4.402932285585004

3.973127853599698 3.6516088014375994 2.58975432176941 2.0241480116910937 4.480562769596643 4.659846499965104

3.57978359661681 3.3478361265055256 2.852424129832198 3.5256921791253717 5.403078779398575 4.273082934693574
2.9030899869919433 3.154688415605017 2.4669188278624614 3.067187584803169 5.078925587511998 3.7262065734447662
2.0 2.7086548016621417 1.9549025581425112 2.9209924532756015 4.490773516310975 3.234801000744082
2.301029995663981 2.8353960965320346 2.062084187328624 2.96415069103785 4.909298888599962 3.3500260784985887
3.1139433523068365 3.397987990139744 2.517421723385656 3.6089103407502314 5.465721223256628 3.8880694866503633
3.57978359661681 3.6454361467748115 3.1568895774131223 3.3704205183281455 5.5968856131035665 4.27468616256445
2.9542425094393248 3.301485593892557 1.9893704895773192 3.876970321637345 5.152049019009186 3.768566097876475
3.5682017240669945 3.969046120295457 3.3954644167075 3.3475911351821304 6.182963168230825 4.253127191342552
2.9030899869919433 3.6661532693746284 2.1898971852401967 3.888313975085067 5.611808100763419 3.70828443705558
3.633468455579586 4.103629872956315 3.4992802037211588 3.607224503210423 6.453407801327532 4.31913827382899
2.477121254719662 3.326014959822326 2.1170462720877294 3.724985217497573 5.623036943524615 3.4630468957108134
3.278753600952829 3.7565255484392637 3.276797700899501 4.171634945267696 6.136440481291636 4.033358563011984

4.649334858712142 4.325665063880814 3.1306892799995154 3.3671964324400334 5.4663476103370385 5.211856490117848
3.6232492903979003 4.069508584868337 3.1261964926317996 3.200818017057243 5.37867144541065 4.305349771132121
3.176091259055681 3.743384029761032 2.4823158746726515 3.436845283416562 4.904908326890243 3.9322391803436165

3.0791812460476247 2.3774798132069903 2.4245512693006996 3.4025600491143164 4.842208489788533 3.855423370882001
3.4771212547196617 3.5747174511187025 3.01064060295346 3.484841901117297 5.694668350377784 4.17985640711707
3.4623979978989556 3.8204191280882367 2.5459733105395417 3.4695282781357513 5.12906582478841 4.165817241181232

2.602059991327962 1.7907159660312917 2.260784004109361 3.038741652682862 4.737133023836868 3.513471273357158
2.0 1.8515425491374895 1.9696225205840352 3.020809765468141 4.891985652262031 3.2295955877823426
2.301029995663981 2.09145241177859 2.0868020138542382 2.6003380450282063 4.600402809548974 3.34461710627123
4.59659709562646 4.670736777919422 2.894006270933632 3.032394296631475 5.205739002340947 5.165179218115998
3.755874855672491 3.8024017370948013 3.453316799729606 2.635107190618295 4.92195665228205 4.419931673577868
3.7634279935629364 4.306590945243803 2.6723098450245204 3.3908141108206795 4.594958081847934 4.42491191570743
3.322219294733919 3.9730410243967254 2.8198556711857514 3.07328728121265 5.130179226490133 4.050992753593036
3.57978359661681 4.248833244998653 2.2677766131647026 3.7403667095272852 4.631174912099303 4.266992501120971

3.612783856719735 3.0400829698198817 2.6396523933654845 3.5800038753323236 5.23742786608549 4.294189706965733
2.6989700043360183 2.8179543809793968 2.326545758662664 2.5600371603637027 4.324042817733518 3.57420477530152
2.0 2.5271338887906345 1.9674679378333526 2.8296235072749107 4.761322435789787 3.2272110531245324
3.278753600952829 3.482541065065144 2.8034983057526675 3.0148712756788267 5.087189081383416 4.013072854323332
3.9242792860618816 4.112955885337056 2.459687709909177 2.5686745343940682 5.441696241172747 4.56315953673587
2.0 2.8002574695993103 1.9528587026110338 2.6987357144226896 4.654124799423539 3.2274266395280358
2.9030899869919433 3.3269137650874874 2.437175055755309 3.231010577527655 5.004249138653168 3.7189910793222847
2.301029995663981 2.9869422339697507 2.090027608810117 2.965217053343192 4.961013550527066 3.3430314901587725
2.301029995663981 2.9980730874720374 2.0367693470005843 3.1735003035676974 5.085400055993364 3.3430185785883983

2.8450980400142565 2.176961588747473 2.4095833188777074 2.4630257022629696 4.123037370435879 3.6815085743262896
3.8388490907372548 3.1485585406291525 2.445699472055825 3.3055273069733984 5.190072973540985 4.492419893089549
3.322219294733919 3.115703946650004 2.925016804033176 3.40827926858995 5.18069256657865 4.0503072510083316

4.089905111439397 3.6931422568292365 2.62268564899451 3.470305841887181 5.1079354101563705 4.712447049807438
3.633468455579586 3.853180360782796 3.356181067840604 3.620100402427253 6.1755456941738505 4.313145934167222
2.301029995663981 3.20076680355489 2.063349908635042 3.4975387621012546 5.441507276842047 3.34278305563006
3.5910646070264987 3.9906704273166764 3.1333435281618054 3.7312023268645294 6.028694642947284 4.278525994472477
2.301029995663981 2.8391399234553947 2.056812148074495 3.2765184269027143 5.208206624449526 3.3489503433206007
3.255272505103306 3.4181474347897436 2.7483418230677343 3.595423013540685 5.6632681419072535 3.998177708730835
3.57978359661681 3.825213083461473 2.7609033903299647 3.676291441335804 5.3694427125505015 4.266742471861752
3.1461280356782377 3.4241886984409016 2.674187798668847 3.2067486774602814 5.251089830263637 3.908268685030162
4.33041377334919 4.190493890093534 2.8074762423330046 3.154244675223951 5.435527546031969 4.92550991435048

2.6989700043360183 1.8570144653635277 2.237917578663926 3.218569342142331 4.7925869997316894 3.5763372302473724
3.278753600952829 3.140238849225478 2.7777968282329777 2.8397951004834137 4.864260865576377 4.017196927628544
3.4771212547196617 3.647391467302383 2.408301416796781 3.8010757485739344 5.340603600047534 4.18423465948517
3.505149978319906 3.0785953501127077 3.065902019002814 3.5174447396677775 5.794307060236176 4.2031454977449965
3.0413926851582245 2.999360644248808 2.4945505613961476 3.5576608949145543 5.437301911855861 3.8236141358487843
3.491361693834272 3.6316052789729847 3.000953995179584 3.479697092220247 5.655039792105604 4.189829829782869
2.9542425094393248 3.373644939564746 2.3681213231000435 3.4278794016113037 5.2180260763240165 3.7575767277821734

3.380211241711606 3.374800404197 3.0366482313443997 3.4538362905878737 5.640072918293051 4.101584892589574
3.3617278360175926 3.6570651091767834 2.4673527849442096 3.779889376765974 5.359997753321042 4.087335085351879
3.397940008672037 3.601516168597433 2.917719030877635 3.031584111355283 5.145310133911508 4.11406552408776
4.264817823009536 4.649458055305809 3.095876620528802 3.4609057344521723 5.17873108237768 4.866602230226965

4.029383777685209 3.8590398914635493 2.915848210263135 3.1608237365679646 5.206246124743216 4.659952634210899
3.1139433523068365 3.455658541018652 2.677579178557933 3.0128321061664076 5.138760230761749 3.886218291898424
2.0 2.868275156524337 1.9719688808643177 2.8600410512164363 4.795065258012411 3.2351242855016715
2.0 2.875661787711999 1.9381822512890572 2.933490257103648 4.192840001505334 3.2352840812129853
3.1461280356782377 3.5799430589655854 2.472776891560176 3.7664924789471215 5.567308327285751 3.9131039552996025
2.477121254719662 3.1138387351580423 2.1627686837158135 3.3244087504349418 5.298403452863134 3.4407718394002007
2.0 2.899579602058497 1.9522937790544574 3.075749232427585 5.023266119581042 3.2320667054983234
2.0 2.895616152983556 1.9412705229711211 3.0120452434917966 4.95402356269158 3.2318114372739077

3.380211241711606 3.2312496033199403 2.920447003100401 2.9857404002461068 4.936535233428264 4.098830119339644
3.8325089127062357 3.981175485876207 2.593327614678338 3.304220625734729 5.409258413736566 4.485885357460797
3.1461280356782377 3.4801545965103298 2.674192467727501 2.31284470288163 4.4678085660286975 3.9060578838456608

4.257678574869184 3.6396898847418124 2.6393335590863023 3.2729106608006275 5.194524203982053 4.860069419228144
3.755874855672491 3.8213230350250935 3.3797158427960916 2.913660543164425 5.440498023493346 4.417286640153041

4.416640507338281 3.923205803402535 2.829865931853878 2.7607308401264934 4.614679630499253 5.001786114767565

3.8512583487190746 3.569675326083272 2.6598617908269597 3.112390686310778 4.775184168854836 4.498512204413405

4.342422680822206 3.9874529579972204 2.3825717628273115 3.3149021675864128 5.386318821479757 4.933451209373411
3.602059991327962 3.6820253455209198 3.073344910626441 3.5695163866909834 5.7657500495371385 4.286812134579691
3.2041199826559246 3.635561977174337 2.623308011225395 3.5803592405296274 5.473911878838676 3.9609914214030613
3.380211241711606 3.8011504329190537 2.857677567751978 3.331773211569847 5.391055570468873 4.104090395730764
2.0 2.939060710543331 1.9513573665267518 2.6008613225080324 4.5345619657057155 3.233126518840825
2.0 2.939130814145719 1.947831513336664 2.380511401997065 4.308823766513044 3.2328881379665524
3.886490725172482 4.206907666881249 2.5775983373999 3.4638062850048 5.181988571303154 4.532533398993397

2.8450980400142565 2.097788399536774 2.335344950642636 3.344410353443226 5.187388434408972 3.6325514004643384
2.0 1.9919106129612079 1.9442574056102113 2.923824851682076 4.8871514646089835 3.1835978612968465
2.0 2.051470007160697 1.9495860663554234 2.4490088289308343 4.315101549593015 3.1836713064212234
3.6989700043360187 3.8391138044133895 3.157161726147017 3.654670307957751 6.03702472575056 4.333518613102879
2.6989700043360183 3.3051893770912564 2.2589626616938996 3.5179044825819985 5.420074720741493 3.5543222881530836
3.5440680443502752 3.8741963845260137 3.253175545037638 3.970371853299497 6.389183083830002 4.210581932353784

4.181843587944773 4.827531956237815 3.5777891481667683 4.3800485651509184 7.543997737168454 4.804901332670835

4.155336037465061 4.217668698849133 3.3544145895893918 4.01976313795691 6.981591228329253 4.773548548737874
2.7781512503836434 3.5944942104712263 2.2670858341646523 3.7203301061131056 5.578929541066923 3.6359919827890947
2.8450980400142565 3.630703211223166 2.4863629380629617 3.7360844001119693 5.809344426203443 3.6835033237490635

3.690196080028514 4.215858828860578 3.618705234161907 3.875532006826164 6.550617077016423 4.3743714836372405
2.602059991327962 3.687519791991043 2.074652243071133 4.0071472216796415 5.689998876737296 3.549807541548383
3.8388490907372548 4.377687394336003 3.5593882907535055 3.6329763286605723 7.279407809805215 4.4985882170391625
2.7781512503836434 3.4933249291175907 2.0781799783047403 3.851996270231058 5.476201258432908 3.651333298871362
2.0 3.0890785953073534 2.0443959263258877 3.483079961247093 5.06596470571065 3.249414064981575

3.9344984512435675 3.091834695732241 2.4494073164870485 3.01744138700919 5.338192151383676 4.57676678878659

3.9030899869919433 3.4060975846756794 2.0548239374420545 2.9382466083113083 5.967007551292161 4.547866919014858
3.491361693834272 3.397985597770746 3.0037227058453295 3.4447567952996287 5.6047569980107985 4.1937929369102065
3.556302500767287 3.781151918596457 2.4290580150950127 3.7926602554000577 5.491092268570666 4.249041578913946
3.1461280356782377 3.243021685116442 2.6883648851920525 3.113447318584172 5.179359131560287 3.9076771406803257
3.716003343634799 3.572349152118306 2.570100302628639 3.274594975761535 5.410982384616453 4.382231819338691
3.0791812460476247 3.0876747346970075 2.605618359728482 3.2202137119911796 5.236132698871926 3.8503785281194998
2.6989700043360183 2.8243566065995704 2.259913204119901 3.17063509282744 5.039990485585831 3.572008080183394

2.301029995663981 1.2609869623059908 2.013546870989862 3.455080417182191 5.260739092362483 3.3413914322584426
4.664641975556125 5.822319575619981 3.3194346725965365 3.9217248471285973 7.673445280757627 5.36607413733115

3.8260748027008256 4.122744042801776 2.9822411557974764 4.114436694367316 6.555233049749289 4.481322643244799

3.6434526764861874 3.8731892889544075 3.2796882795239632 3.744553718809534 6.085345346662781 4.328129247632104
3.0413926851582245 3.650597828421067 2.4156079384074696 3.7458361732040877 5.5808718264188 3.829419327273136
3.518513939877887 3.923176455275396 2.9499538016295883 3.6471678385839987 5.813249172308905 4.215683874327838
3.518513939877887 3.877676635656007 2.411571101435102 3.792774221935172 5.389777959532077 4.216827275895554
2.9030899869919433 3.428344782405043 2.465682614248008 2.6220356411274084 4.585323800848409 3.720583125675705
3.301029995663981 3.7826863690121137 2.372530294053721 3.6305279345020964 5.248183631959824 4.030824201418963

4.267171728403013 3.72676607581325 2.8072695123959455 3.4508805304435453 4.573630737174899 4.86916937360806
3.869231719730976 4.355848266310726 3.3698998990260907 2.7264947554043673 4.828878966339518 4.516968053899863
3.255272505103306 4.060397009709154 2.5028914863563574 3.756905705458338 5.532984656849937 3.9991724183909363
2.0 3.2923986387282502 1.9515247416219625 2.7904423312063025 4.661543646068225 3.2324258694420265
2.0 3.290599707780848 1.9703534276122416 2.7602369825225948 4.4649514286291065 3.232317336695306
3.633468455579586 4.29988331652899 3.2397740856176513 3.093116386193051 5.554055057643929 4.311445449858766
3.255272505103306 3.971577933391882 2.3701147444062194 3.799999953232455 5.400542140273639 3.991686295666889
3.4149733479708178 4.151675015554871 2.9515981366822803 3.0183582189332556 5.277338866058073 4.125740411188174
3.322219294733919 4.127894885644242 2.1292765477295905 3.8011116731095687 5.046567757916313 4.049443362133335
3.8512583487190746 4.4502429991517385 3.1870616891358163 3.6534501834229243 6.150582041222968 4.500882734848476
3.1139433523068365 3.916301722111938 2.0757467912351375 3.8611319053779836 5.125721259711454 3.8802594290588797
2.0 3.2500787726391027 1.861915803738852 3.2900733597519545 4.558976656955884 3.2281637500733975
2.602059991327962 3.52826682728653 2.106301425244025 3.035398639158152 4.1768231421495505 3.5120446142291013
3.380211241711606 4.05202437369947 2.984940891781874 3.3487121283128074 5.650912432706937 4.09965541091975
3.176091259055681 3.858620082425415 2.480606627478557 3.7612451266126787 5.568766819006005 3.934535995230157
3.633468455579586 4.328671386685677 3.0118807696325782 3.872386252910571 6.083703322320463 4.312375264354121

2.477121254719662 1.5448992803160528 2.147953201292049 3.0375258901992965 4.894670391243768 3.438729396556913
3.778151250383643 4.0724469178339975 3.332162178853438 3.5578564464419293 5.856811819901539 4.437701462539638
3.5314789170422545 4.1335442047628455 2.717317983850288 3.778432259700597 5.6517398644099455 4.226653995244119
2.0 3.08939704659215 1.9534689182851512 2.763010763253579 4.693988101565618 3.2305684444858045
2.6989700043360183 3.421540019232625 2.2797330302610304 2.9562690832965948 4.797410106046309 3.577409384782116
2.0 3.058517702540209 1.9592087764701764 2.313683642586003 4.302833511020072 3.2303359543565495
2.9542425094393248 3.5646478903403205 2.37271891001459 3.510368971247435 5.242802339639293 3.759723164668108

4.445604203273597 4.16086140996172 2.533418124735566 2.656375007934189 5.267027455713889 5.028127950947163

4.079181246047624 3.5717889358090025 2.5140636255416124 3.1043850132518216 4.992215744318281 4.69992418847289

4.103803720955956 3.3122516512865285 2.5283006093154774 3.3529157369415308 4.701743079996937 4.7217526343372915
3.322219294733919 3.5010590914193687 3.1039108677926834 4.004874030303959 5.779344578390683 4.055977234312849

3.9344984512435675 4.8451888073626135 3.8519714715542466 4.13503883884162 6.95406607139431 4.668742262317669
2.0 3.662669797361339 1.9886916909340937 2.990864845437454 4.719736340241763 3.3501235770771283
2.0 3.663921881732986 1.9892337684376646 2.3646841941089063 4.387334520119833 3.3503253100572556
2.9999999999999996 4.233506013663677 2.421784651128114 3.253662189134489 4.639272193440901 3.9154732701527237

4.089905111439397 3.9625919083796037 2.9267672315125135 3.6367069597527006 5.314352206288523 4.8364574922731425
4.021189299069937 4.961042177147432 3.914516070558461 3.535451080047065 7.54118564205638 4.706967596067622
3.2304489213782737 4.492059830289324 2.3567089035580557 3.8124855985534998 5.496953434523575 3.9821998040646402
3.3424226808222057 4.585780832697966 2.864973660456188 3.455204521365409 5.5904825312285436 4.071312957813002
3.7923916894982534 4.978132550542438 2.4408915762049337 3.6062317790329708 5.6626077197530735 4.450933107547626
2.602059991327962 4.039190431071577 2.2525859346696455 2.568565674594328 4.559356572339959 3.5146197715937006
4.004321373782642 5.163956763819591 2.6505975474953742 3.5683288009522904 5.452489172128189 4.635760733347143
3.255272505103306 4.52186902914584 2.7898851754204355 3.1498561056791705 5.206159741561477 3.9976707809420913
3.322219294733919 4.570693118360579 2.462008051528629 3.797739434649328 5.579796923513853 4.055727893695564
4.0 5.152852437661704 3.1342121549610313 3.5172181841532746 6.658028095166861 4.63246447489038
2.6989700043360183 4.07820448193288 2.270726896152742 3.5650410187979538 5.494399529752852 3.5833122218493894
3.380211241711606 4.610621138803316 3.027450919689258 3.8647890778996032 6.08582259716597 4.101585176086402

3.869231719730976 3.4460069369529496 2.8042534172381783 3.5467378925407944 5.378079868626877 4.514854077150584
3.6989700043360187 4.109894047027198 3.23935931748606 3.4407390384462038 5.838222748413834 4.3663258110205865
2.0 3.153278350445472 2.0190586735731157 3.1976655944924057 5.057816150191737 3.223956831133995
2.0 3.157132002725739 2.0076264258902428 2.940703960700878 5.03432704127087 3.2238557306377413
2.0 3.160491558373691 1.9320765147504537 3.3050345436052586 4.747931272717999 3.2237747629880036
2.477121254719662 3.3752550897016422 2.1787639276618633 3.1753894853898124 5.134601884109963 3.4317716715931463
2.0 3.1734468637706588 1.9479127511864431 2.8539353045451583 4.689613766827315 3.223618397076773
2.0 3.1764749393833847 1.9513465968935038 2.751677476899784 4.702118181929102 3.2236356546184437
2.0 3.1793471263127713 1.9518553072909788 2.8754297301798517 4.82328076600718 3.2236738419526474
2.0 3.182308822888188 1.941929005153478 2.9560623116567704 4.8915715299854226 3.2237313527579974
2.477121254719662 3.3966264221654763 2.157147775355302 2.9682380785776576 4.894607823681787 3.4320195481879248
2.0 3.194777646606415 1.9569824571740135 2.4101977226584657 4.375522380238626 3.2241087553128938
2.477121254719662 3.4090176618338366 2.1552045002335283 2.5165904817914106 4.46000482792603 3.4324574034937716
2.0 3.2069158639308357 1.9295524517017608 2.7696208795621517 4.615305909369957 3.2245825180847616
3.505149978319906 4.187821847010076 2.3993436226868896 3.784339600842435 5.428914777015374 4.199039898752229
3.2041199826559246 3.8746113014480223 2.7381662559033892 2.936708684447651 5.021741772607533 3.9509208693974958
3.397940008672037 3.9587849543461435 2.5930193066909437 3.6879675093047624 5.389377545442308 4.111302699569124

3.716003343634799 4.138573526373513 3.433033324329627 3.545515713030679 5.682171536672885 4.383751130906179
3.176091259055681 3.9299984490067983 2.252167539539226 3.829868279913019 5.235462074694648 3.9324242914151237
3.716003343634799 4.198695407081282 3.30115965910115 3.5394283952452006 5.799388086721819 4.382763456095704

3.0791812460476247 2.7028470318043563 2.6775465568423455 3.5082870390880534 5.558701289933329 3.851878372247744
2.9999999999999996 2.9778623828875825 2.395109054529905 3.7260582699709364 5.569306134511764 3.7926261090494564
3.556302500767287 3.647831399053377 3.1705857625271503 3.331696929827735 5.698864557398602 4.242656212928143
3.301029995663981 3.7169046703922186 2.061876245807143 3.8350913861253986 5.07849341333646 4.027122999413159
3.7923916894982534 3.4221252492920944 3.320382833008497 3.526989561378513 6.011871767517066 4.448300134479062
3.322219294733919 3.6098549618061084 2.1117589027077956 3.81848383102844 5.043462848903413 4.045283648079999
3.4771212547196617 3.4138963113243674 3.0199595367452345 3.253376350722627 5.483622376094883 4.175087893422215
4.096910013008056 3.518603391057167 2.5608651891060084 3.577318627787918 5.29393171615725 4.713476482119597

4.642464520242121 4.175172820955825 2.694846647072519 2.99632445842315 5.265662190020602 5.19989526151299

4.012837224705172 3.326240393123399 2.4863845508982085 2.7859819256383402 5.011095167843256 4.635562150141704

3.977723605288847 3.4443951401364745 2.3899287557463325 3.0113802160503673 4.449079581208052 4.604213575633879

3.9444826721501687 3.349260314642711 2.577878370465444 3.4614980717996136 5.019323566050809 4.576580035187377
2.0 2.400593089055677 1.9677439764069677 2.4907973994101082 4.40159359453428 3.222699788197809
2.477121254719662 2.6295140939482766 2.150605818985274 3.2073356534177044 5.114345217385147 3.430638497628702
2.477121254719662 2.666556040975527 2.167146945068453 2.894445545870029 4.8604407815111195 3.4304556644510273
2.0 2.4860558869530673 1.9505896800467488 2.705168916431119 4.623621684294916 3.2222890893947325
2.0 2.5003592740377476 1.9542453863847657 2.281008751649052 4.178274642293977 3.2222775157414705
2.301029995663981 2.636917972104291 2.063782141678357 2.4098378106107203 4.27429963056328 3.337462104902055
2.301029995663981 2.6642742023420714 2.0715450795834363 3.107927402316186 5.07863767194519 3.3374300495103535
2.0 2.566718563330105 1.9547010711190451 3.0343319168850127 4.98565339434337 3.2221477088230697
2.0 2.5775973888371686 1.917665144588842 3.0205674067443526 4.698329213620856 3.2221024819540545
3.2304489213782737 3.4141597746617807 2.5479758881809897 3.62942987744833 5.356593034331942 3.96834748944844
4.113943352306836 4.7832600261036635 3.677517129612801 2.8670984553269294 6.61922326776055 4.7366493670928635
3.431363764158987 4.430597108069101 2.315268576314878 3.8115353096124838 5.3945090879416195 4.138168954624054
3.3424226808222057 4.332893014768157 2.904044911501479 2.7683316391921466 4.944456032623122 4.06502484116943
3.3424226808222057 4.304794271219898 2.313550590128296 3.805323074663327 5.142234630723035 4.06526420433846
3.633468455579586 4.570714564913971 3.2601484828533356 3.3462235479707316 5.741573647177824 4.306656716161295
3.5682017240669945 4.550177189765185 2.347849469301514 3.6994745765871677 5.562098165165916 4.250027560004202

3.7242758696007883 2.4173329972053033 2.4053780323470733 3.429841794605319 4.700297161345667 4.387584995739489
4.037426497940623 4.665676898229466 3.448616042 3.528428133435149 6.95513934917531 4.699095180378143
3.0413926851582245 3.8901236847190415 2.197507243074201 3.8567531302361386 5.590171568386496 3.86737528061726
3.1461280356782377 4.005750985976862 2.6866505703096255 2.734331468318561 4.747946092489041 3.9530416400847352
3.897627091290441 4.657869818599354 2.9362911905336864 3.2328326751118377 5.275201083250354 4.588761762836467

3.0413926851582245 2.3534217886332893 2.4248342641943497 3.5256130580867 5.212069891425872 3.876105093365616
3.278753600952829 3.2594748207239994 2.7993291216668115 3.2914952645957802 5.434752393650244 4.069046232443343
3.1139433523068365 3.360102694884323 2.519270693429188 3.572119951998077 5.408195248991773 3.9412632278128954
2.301029995663981 2.859661209025469 2.079932023191126 2.892643736210329 4.874733961254955 3.405492314298401
2.0 2.7495352903464485 1.9753839709762022 2.8951531043692156 4.803278704108427 3.290625965984094
3.4149733479708178 3.6708904932459125 2.9281446855610076 3.462620051940223 5.6305403156824525 4.190192809329085
2.602059991327962 3.120537893637888 2.206796779389699 3.6451938026261477 5.583613773547161 3.5766290370894813
4.012837224705172 4.49544583475679 3.6267036434177995 3.228598937778946 6.81985363443739 4.681909273825974
3.1461280356782377 4.107513988611352 1.624602294860019 3.841585052256777 4.821578937141819 3.941516477546269
2.0 3.4225614510954205 1.9451736572654081 2.5397627700772616 4.490820985011742 3.263322694329509
2.0 3.420082941078116 1.961390044938407 2.8361995905948802 4.676358904518757 3.2633722095781916
3.8633228601204554 4.674198712605388 3.5122082265453445 3.483345090150963 6.803955667156581 4.524560338849127
2.602059991327962 3.7959707849380084 2.0670180922367396 3.8470647993513105 5.532482716318541 3.509386311923263
3.869231719730976 4.746862165542086 3.0721017829291863 3.6988022149847803 6.196713621164338 4.515603683150437
2.9999999999999996 4.071062657925832 2.413292353345291 3.3037359813349796 4.9465891254361685 3.7900942713644703

3.397940008672037 2.577262532306818 2.448320636686646 3.546228562289131 4.7827854945430355 4.112166601325244
3.278753600952829 3.2812011556540885 2.7867639220894653 3.129440731239177 5.222286168213679 4.016301041229534
3.1139433523068365 3.375165259520623 2.4792136719902826 3.557502554126125 5.273031326323909 3.8870039287663607
4.1003705451175625 4.695341005344005 3.571378537326384 3.0838164503786203 7.129340893020003 4.74373490406556
2.9542425094393248 3.878820317158084 2.4087864312117606 3.625204082466368 5.466698219229066 3.7707332958024624
2.9030899869919433 3.8540536137004016 2.4589286884560937 3.309838286448514 5.316550872753694 3.7352323366793154
2.0 3.37196444482244 1.98008978458374 3.0973504749462055 5.034478308929461 3.2450423165720332
3.322219294733919 4.232961503363243 2.9933233592133983 3.286132960250509 5.672895661362392 4.06634936179972
2.301029995663981 3.5679535112040095 1.7971009449620938 4.163279936607034 5.858599313479683 3.3600948264547705
4.575187844927661 5.413144999399006 3.682623971105774 3.879220853341835 8.282528318446442 5.211992106446838

3.9030899869919433 4.270139435940842 2.9303227869056747 3.7657519627763296 7.054586051407397 4.555033310749751
2.8450980400142565 3.2077962209518507 1.7893498556574123 3.9929926930280804 5.046199282400633 3.709277261568833
3.8061799739838866 4.394693057416398 3.5542201647365497 3.5605657158497546 6.309349975869527 4.470760836557456
3.255272505103306 4.123595183645618 2.6039272246430207 3.5300853251399693 5.406546209335745 3.9989481736374275
3.380211241711606 4.262985177740414 2.92880436398457 3.4668349933081357 5.685869106227183 4.099136152232662
2.477121254719662 3.6415061335639507 1.6313103329145986 3.946285333201496 4.8859651240286315 3.4345071911899576
3.2041199826559246 4.119146395569511 2.9193175562200198 3.28293146629517 5.646181542232381 3.9553025015050522
3.4623979978989556 4.280093631124705 2.592076111130427 3.830049575963337 5.380999126572686 4.17535025207816
3.0791812460476247 3.9964964887052488 2.8599203262637647 3.71282126102907 5.235526996873963 3.8623314575387906

2.9999999999999996 2.69224823689269 2.728406145170507 3.8231611875498044 5.72933578542029 3.79196466037789
2.477121254719662 2.5965624599114894 2.138039440469119 3.6421853140402827 5.5744813705565655 3.4339362821884363
3.518513939877887 3.5507590914448914 3.1293570610769783 3.6005075342763826 6.032372720996039 4.2147476932561885
3.301029995663981 3.664400493297754 2.4379240991510103 3.8068472693730255 5.464719272159113 4.03708894364511
3.0791812460476247 3.5039675848916345 2.6639084341343797 3.15385932180551 5.359385765010884 3.8554392996746216
3.3424226808222057 3.7697651433080175 2.3660205190385195 3.793023251514076 5.398708317501482 4.06558715243373
3.4149733479708178 3.8871567179934203 3.0553356882987477 3.4563685216107314 5.191249668340376 4.126960344578978

3.518513939877887 3.019473090361478 2.662077885693092 3.4478914657830777 4.933660440374602 4.212583998505014
3.5682017240669945 3.838535196168719 3.130600688287902 2.957823289999151 5.2041318813169495 4.2554547360677635
3.662757831681574 4.118759739326703 2.632916788325267 3.74868768802835 5.146329005901212 4.338153286883488
3.301029995663981 3.72477739386213 2.88309413701269 3.158262334920107 5.226504325845436 4.037837656955372
3.1139433523068365 3.544220642953313 2.484547768241132 3.6475530980834754 5.406797368612099 3.8909001981816083
3.1461280356782377 3.5260539813460285 2.6475380520918614 3.1680325881550564 5.159643741213916 3.914352172008792
2.301029995663981 2.9343095222718656 2.060116304373456 3.2409613821343086 5.147801595890287 3.3497527380494194
3.397940008672037 3.538705211640638 3.044748977445233 3.69662666754388 5.7542989338897685 4.1159450337852865

3.8388490907372548 3.6122350251200426 2.885439491748549 3.389370931521892 5.078500010855646 4.489321868363814
3.556302500767287 3.8798573279988107 3.082753264352041 3.0951244753764326 5.236166138581377 4.2457893408341
3.7075701760979363 4.196320329806575 2.2391267705095523 3.7225327873315694 5.441112326456397 4.375220470588374
3.255272505103306 3.7148604707812325 2.7660397675934094 3.2850195329167104 5.3743295227935075 3.991285659132952
3.5440680443502752 3.8974000464862337 2.013921462385937 3.7618330362878454 5.335314712501398 4.231257443864599
3.7075701760979363 4.325706353948161 3.337731984206843 3.5633177466380968 6.111391525772061 4.370159526075135
3.431363764158987 4.23871371114078 2.6655690047196807 3.676151742439009 5.4352314682417715 4.133522879099812
3.0413926851582245 3.885272184047657 2.570491077247347 3.030422118582861 5.045112443700635 3.818165529435599
3.7323937598229686 4.440203953887286 2.597479143861785 3.631014737942875 5.300046126970911 4.391744239799583

4.033423755486949 3.581998057425067 2.458240408101335 3.249751087169161 5.55054565883009 4.658326852633321

4.26245108973043 3.86916854781991 2.747478657765249 3.2462951668055244 5.205922159475796 4.860378319136343
2.7781512503836434 3.03102246921712 2.3602068359566535 3.0481858047655637 5.018129747477352 3.6260874282904143
3.278753600952829 3.486122172217212 2.4268572665462735 3.815911747753596 5.506941506739121 4.0083294374948
3.8512583487190746 3.5354795844940967 3.004709787266795 3.680572541156735 6.440544822162641 4.500966225909015
3.0791812460476247 3.270417100726524 2.1936418467111714 3.8496649474597904 5.175985262820475 3.847714934744256
2.301029995663981 2.6893915647601716 2.0685781051164325 2.909277356295709 4.839520672399515 3.338295037018104
2.0 2.5525404967154315 1.9558518152261792 2.586405852889529 4.523253527338117 3.2234610181804437
2.301029995663981 2.6460893571031314 2.067804515255955 2.5315084733628685 4.456854137727481 3.33905184135045
2.7781512503836434 2.8821675633157153 2.3418318528935056 2.9368653229191746 4.8352921030026 3.6262268214450866
2.301029995663981 2.5575059049896205 2.083473214007931 2.5839402759988293 4.558500762859326 3.3411528765271123
2.0 2.4323747358263437 1.9630623838309185 2.0215955092857674 3.920085241379981 3.2263830659693484
2.0 2.426364050807301 1.9598090199603477 2.771994507302177 4.7481240933308255 3.2266566909752266
3.255272505103306 3.1714668565819224 1.9467477705010179 3.8408836207602994 4.901998662929503 3.993986165600932
3.7993405494535812 4.06821753744466 2.9706810212107424 3.666681804166886 6.165642380222591 4.452018562832161
3.1139433523068365 3.57125573158906 2.316824527584883 3.8358921313912684 5.541975621676307 3.8782976907172673
4.1172712956557636 4.60451795411783 3.083126783422379 3.3503513472936546 6.835971274916548 4.730133122041563
2.301029995663981 3.2179582846837613 1.6585058927051155 3.8852037147539593 5.364844907471215 3.332431386030151

4.164352855784437 3.7244720800323012 2.629266176328181 3.4833551850253377 5.301753435236255 4.771171428956698
2.0 2.47540353554487 1.941168457752608 2.7236167866499166 4.675366139062288 3.223528531294953
4.5145477526602855 4.23251175011478 1.8477459764605195 3.6233872828503366 5.374059621192699 5.08389458837916
2.0 2.4429221443046685 1.9587319894687016 2.354029832891744 4.081240936656027 3.2221724784170296
2.0 2.4465837609293457 1.9542305868454184 2.5723371854637604 4.504983467663066 3.2219918069749274
2.0 2.4512969987164728 1.9510037022830726 2.226372233988409 4.12565815136732 3.2218171205346935
4.222716471147582 3.9885413829113863 2.46498465350479 3.6981672545563757 5.299624652255772 4.821324575329413
2.477121254719662 2.6289276614617165 2.165431550613338 2.6421989309589073 4.6364628601602345 3.4326270382670234
3.1461280356782377 3.2253525752245515 2.553656439773327 3.314673945259386 5.177449951071729 3.904374176921708

4.110589710299248 4.724302545649415 3.6269008260650657 3.792752708404047 5.529956828573828 4.724077692747479
3.322219294733919 4.276253301583872 2.453190549199908 3.7459128321171304 5.325469601045221 4.043415699212939
3.322219294733919 4.231595294203843 2.8562011820288586 2.821710969342368 4.899639512456185 4.043494176852328
3.4623979978989556 4.295030291662059 2.6773627696101125 3.662005402525113 5.464682775988725 4.160765733232051

4.603144372620182 4.500433779404662 2.8229361443691543 3.3112849601297842 5.308151400651972 5.16611232324201
2.0 2.7055222543491166 1.9542358850638502 2.822449193854875 4.669095282786996 3.225969228213251
2.0 2.7141521677334577 1.9670942350710339 2.5169440516171284 3.7436759859203192 3.2261802113836553
4.170261715394957 4.922844819590177 3.5553113842768287 3.5588500404603303 7.028974615183605 4.801250799267521
2.6989700043360183 3.811454318245802 2.0108235720496563 3.8398462922807712 5.467189355252153 3.613365928975304
3.8195439355418683 4.594101785934698 3.3957634202712184 3.6234292051409667 7.175531046533459 4.481835639480127
2.8450980400142565 3.8984783462733597 2.0918974961104517 3.8930045402961913 5.585134575774942 3.681148475526528
3.4771212547196617 4.327309907597119 3.1876717015835623 3.534607740966024 6.119907272211434 4.179383389462302
2.602059991327962 3.568476133442011 2.141300603504508 3.299609373403174 5.040599385703908 3.510989615361887

2.8450980400142565 2.0593294199736394 2.309844361601122 3.241341336184444 4.631267612587478 3.6738934947757027
3.755874855672491 4.052207221363727 3.2930329824178823 3.096140534891838 5.784554456685307 4.416463539450166
2.0 3.114366032284912 1.9586868120913317 2.7452983181375243 4.670300656190306 3.2260941797242206
2.0 3.118053825430013 1.9553451855620483 2.670290764500948 4.62740740644147 3.2259633134426977
2.7781512503836434 3.5303192193590123 2.332603105047956 3.1747299364333093 5.094886131960612 3.6269300486657587

3.6232492903979003 4.4280520488556165 3.817794327104117 4.281653996883049 7.040640662474397 4.352914029469891
2.0 3.5901025938637723 2.048293207291061 3.7076864770453204 5.639781344555736 3.3083607670754174
3.505149978319906 4.59277313082286 3.1625690088417633 2.8533429447682708 5.956063106517472 4.2902620393217505
3.4149733479708178 4.527456879469649 2.5881469933393793 3.7233482893885337 5.020069544623635 4.219993640261889
2.8450980400142565 4.069148689113232 2.4098560782684744 2.65434765221855 4.496942885083372 3.7689933380945897
2.301029995663981 3.7307021562235416 2.058375248467987 2.8425967597668462 4.76629145779715 3.4342598948510314
2.301029995663981 3.728639833831068 2.0670466130805596 2.7177293104042404 4.630035070168812 3.4338080202461763
2.0 3.6118838313293473 1.949604399088138 2.6907351880490356 4.6320968065585015 3.3182541320630348
2.0 3.6108544213602856 1.9557037777869326 2.679270713862569 4.613831022997355 3.31800803510606
3.0413926851582245 4.201019499977176 2.4666752493251574 3.4966382296249376 5.298803923280634 3.9126872951706755
2.9542425094393248 4.121571948640104 2.502772470528204 3.1147233374508665 5.132725034275835 3.8432403749259096
2.0 3.5839483027069257 1.9520120215107721 2.772998050772364 4.674077679979364 3.3121058242373924
2.0 3.582336158497669 1.9450171965974736 2.72306338841967 4.656230739301817 3.3118200774419804
2.602059991327962 3.862585783442089 2.132954563637614 3.3147617141596055 5.01845058820233 3.594910327813127

2.9030899869919433 2.1498250221412936 2.335015168413584 3.4629833381211395 5.166977730232123 3.8031573206103553
3.0791812460476247 2.9224881766488333 2.628436138648554 2.959711869661192 5.0421713074221515 3.940454445622851
3.9344984512435675 4.140599723205839 2.95224189239192 3.5703942840363894 5.077899967525424 4.667554829314377
2.0 2.9303546265314933 1.9327924985987919 2.5902625228469716 4.5468118644363065 3.326380883870481
2.301029995663981 3.0508121474827794 2.056245850661172 2.9826897705605067 4.9123428700956255 3.441721939323895
2.477121254719662 3.152372485699605 2.199103473391628 2.3245951753195095 4.264063135044123 3.5348407478482877
2.0 2.9518556736743014 1.9568500830558013 2.5447333668279133 4.437282902156581 3.3269065032159957
2.0 2.9557592278402356 1.9471488850695693 2.4161923448926967 3.9683792217737346 3.327000944577827
2.0 2.9595917795937594 1.9475880805040913 2.4246708490168976 4.353971457527161 3.3270924574364753
3.6232492903979003 4.139128426242518 3.165386380260838 3.3877673091889857 5.861780650497652 4.404242393845423
2.7781512503836434 3.5963950537374365 2.242254081087896 3.393621678854084 4.63904860921988 3.737293306708313

3.9867717342662448 3.5844957085635647 2.5495139671704363 3.44512733028065 4.307550695416056 4.726460501857683
2.0 2.3714840804022104 1.953038221181334 3.0138457493692044 4.935522692910182 3.3363512367376678
2.0 2.3787145254721422 1.968806072724388 3.0201127602859703 4.935047446265335 3.33630281211738
2.477121254719662 2.6075917688519463 2.240693160763263 3.4022018676562844 5.345907082374878 3.5441860086076473

