3.0791812460476247 2.3044535348782054 2.5331522837274294 3.8888728865221034 5.296971599520889 3.851916342902634
3.9912260756924947 4.950489746747872 3.919057169752992 4.039408489121455 7.459746473401762 4.690973835524339
4.064457989226918 5.18411182305576 3.0868332343976372 3.8045147267990997 5.723987236511602 4.785807036926328

2.6989700043360183 2.1900483678472593 2.6409723705326837 3.478060661637393 5.701884741751121 3.5813745181591052
3.963787827345555 3.654537324256248 3.116768501471242 3.5868467467119216 5.908656434564268 4.60095484368863

3.8195439355418683 3.9795617089588293 2.9412576410657536 3.8906028479099235 5.617220345088348 4.474133625142528
3.505149978319906 3.9850754522469227 3.206345667884547 4.125778165410624 6.1762395349484205 4.205665888204069
3.5910646070264987 4.195390513083056 3.2936400988054158 3.8971410302683442 6.440380588003509 4.300081329181183
3.397940008672037 3.9207210891474036 3.6069584791823 4.09095767174521 6.57632695341176 4.131947194737589

3.8260748027008256 3.5872847110021393 2.919533840702264 3.794567448944833 5.525650050749385 4.478932172408054

3.9684829485539352 3.3453692361034135 2.472578211633462 2.8363486452168774 3.9033813638667882 4.59909662180245

4.187520720836463 4.013283751077257 3.086185981326987 3.088617003676723 5.547650763821684 4.795297895581509

3.3617278360175926 3.990654368880179 3.6229850828146453 4.523821484169533 7.23099355612522 4.200049784275541
3.57978359661681 4.415559402330043 2.7909028677024885 3.775080210421767 5.6086766024596955 4.39355908530488

2.602059991327962 2.010625849395893 2.498816362411341 3.7648271226223478 5.357725536342845 3.5080836095284007
3.812913356642855 4.772724470624388 3.951626802785406 4.041611051116849 7.856315271936045 4.530185217319029
3.5910646070264987 4.778642666144595 3.279160461003123 3.798138451301158 5.953263204160068 4.376543030024441
3.755874855672491 4.790129727509255 3.5640438107493035 4.15071332651706 6.477326261250906 4.49165664631667

3.255272505103306 3.3089476530493065 3.189016250720466 3.880976358738405 6.303294999451057 3.987493729225163
3.5682017240669945 3.9820277558256603 3.0838276910957703 4.130139954904901 6.418803031681351 4.253649435975624
3.1139433523068365 3.4117466479697334 3.0023080551286054 3.5843655290806877 6.009783298748877 3.8738788367144856

3.2304489213782737 3.355302668634701 3.1863622347859986 3.7465587062130425 5.919564617748428 3.972574298227162
3.5314789170422545 3.883487867122529 3.267467158023015 4.076755630670365 6.593044009528639 4.222812936478988
3.278753600952829 3.622141283210778 3.1913166647753695 4.22590469455811 6.432883012698798 4.008058916610714

3.9542425094393248 3.3618144415372404 2.411146874848689 3.1519458805743366 4.886497761087399 4.583240069087144

3.770852011642144 3.367863916537883 2.760365906422055 3.418899405314611 5.3202863039679595 4.41992541982772

3.869231719730976 3.349005203308285 2.3670501269392137 2.8875029270277883 4.206203335487818 4.505282961617065

3.9344984512435675 3.037007059515811 2.1797892367890475 2.6752824702466484 4.24117562870804 4.561556679882

5.211387552936858 4.903421785419761 2.479538207058362 2.4444374981155854 4.8687988719402595 5.7127745566676

4.05307844348342 3.512333939657701 2.500729369362901 2.5602793429532658 4.400998533678444 4.668017209043794

3.8450980400142565 3.524964545727852 2.7340558240673776 2.7443467491686757 4.34935601702802 4.482079080119348

3.740362689494243 3.1484487493369824 2.784689388592475 3.3847960070784633 5.355296557330243 4.392061518322898

3.690196080028514 2.5281018850274988 1.960303614354029 2.8874464310179713 3.986018137551353 4.348474995035166

2.8450980400142565 2.4689424003155134 2.598318450123727 3.9043560948253435 6.042387703859188 3.6674493686000096
3.491361693834272 3.9503736626106627 3.528475490632407 3.933066957601698 6.634164259465649 4.201357911316307
3.505149978319906 4.123002033163421 3.143530983526883 4.168272295591103 6.262872605513788 4.218952608367241
3.6232492903979003 3.9302941029804734 2.895996071963287 3.6107805051953767 6.778824874920074 4.3050801891322275

3.755874855672491 3.7079092356483576 3.147505680558003 3.6740193943165655 5.823831831597823 4.4126366139136675

3.6989700043360187 3.853056260742878 3.1210897317778024 3.956143117212993 6.038631101366311 4.3630144988251125
3.6532125137753435 3.850671882661406 3.625260664675292 3.3668573997026923 6.058668580688578 4.323252044910928
3.778151250383643 4.2078166110619 2.87469546817861 3.970512013236567 6.1420851465766715 4.437739568945674

3.5910646070264987 3.6008870386756904 2.8874854338999816 3.812780323450779 5.827268824887692 4.27206115553377

3.6989700043360187 3.09194022077579 2.398961234135256 3.1383127357147766 4.610817825071445 4.356144956913241

3.8750612633916997 3.849805220301618 3.343564095307389 3.527812046428394 5.786731396644835 4.508735909647843

3.6232492903979003 3.465175961320628 3.0630326748079835 3.29728280470137 5.429400809270399 4.290734783309189

3.8195439355418683 3.1456667604842052 2.2433625220533573 2.6520966961006267 4.70001469803182 4.459932189263944

3.7481880270062002 2.9228121853455873 2.420218360462615 3.133433392871634 4.398894485873414 4.397848527279994

3.6434526764861874 3.1439055924326857 2.654706324244681 3.1957735052516676 4.733517105896388 4.308574244338971

3.886490725172482 3.132329107106629 2.2867920688652323 2.8747657321818343 4.732046868716908 4.518455705301041

3.7323937598229686 3.016901388775827 2.3398863393735376 3.064432873324559 4.315496770635879 4.38344349124755

3.8325089127062357 3.16068825235571 2.9183678037802183 3.5953631854204278 3.8712254745223964 4.4728440385445145

3.6232492903979003 3.3556510114575056 2.851051627657461 3.5997500373311704 5.526034077341638 4.2939655497343105

3.7634279935629364 3.582811202480712 3.1351653339387613 3.8249951031470806 5.6283292522029225 4.415162681225589

4.12057393120585 4.1897518346001705 3.1070934750200294 3.8023239747782935 5.67052024297771 4.730025755216939
3.6232492903979003 4.184936087632384 3.2210599269035316 4.0389387268329715 6.003494585820955 4.30433725861508
3.662757831681574 4.075752155006843 3.0241761124302537 3.9975162738657786 6.9723371979221955 4.327599895700639
3.6720978579357166 4.571106034121203 3.8560935223814607 4.060986007303137 7.099038048174714 4.393173721298337
3.633468455579586 4.543146883316856 3.8550436299403055 4.022924091203373 7.380935205098332 4.359927771183151
3.5910646070264987 4.040237113006979 3.2751958241702264 4.079774297733895 6.266776151123874 4.275970281516684
4.136720567156407 4.502925081943376 3.3508954578174177 3.9767791200422633 6.457634937589798 4.75122915209283

4.3598354823398875 4.277563952851781 3.1522693303285676 2.7958519422625705 5.4039347657513845 4.941831091026469

3.8325089127062357 3.149177365140415 2.1697683071961347 3.038605014698198 4.759641824547681 4.473620423982898

3.8061799739838866 3.1090908050019848 2.7425896966961734 3.437289005631374 4.46382345714728 4.4506958263229

3.6434526764861874 3.1268966507200497 2.446636937531032 3.0971316482056404 4.357620864500913 4.30977714773693

3.7634279935629364 2.7929016520768633 1.959951198855217 2.453845132200608 4.453344238500277 4.412833057326266

3.7634279935629364 3.1635064976398795 2.412078850499409 3.3374251547346847 4.41768430840812 4.411694816809942

3.770852011642144 3.4339286566386193 2.6399333516634242 3.0905940635403684 4.019089459618921 4.420884943052648

3.7075701760979363 3.4535032392509817 2.9330836628023635 3.842900721711829 5.919545449531779 4.371224885001696
3.397940008672037 3.7682335114972196 3.2786055167104364 3.7509338936745364 6.278458382097332 4.1124078042654535

