595.8941355402422 512.8191469933201 -20.683345430491272 -589.2921676648051 -25.02338135421565 482.9271894668249

613.5564891081739 520.1518582132103 206.78977908946567 213.25750105778752 169.08065202082884 514.6553417342809
400.73331852324714 445.6986862595488 214.01897343284256 -212.59168648050962 77.94951236504143 178.58591692019593
415.57531903507436 452.8126435824312 103.34666411209437 -560.0183671259025 10.749321362393683 227.7604856339673
375.88718259339714 440.837564449884 212.85905053751216 129.87136655470232 232.87387094103303 178.67436787868002
356.10460826040514 434.01075775527937 180.86662510077946 125.27435432906348 240.09891809468874 148.70591302070034
383.2979798087693 439.89595204655313 406.6957868135941 478.18074726089617 385.2441946330356 167.9609666294841

292.8523523860541 407.67586545826936 71.72413715413755 58.90104948213304 95.79093368148223 27.523123986971193
458.39465495364647 463.21492410523695 188.46375656927196 -499.2120529129525 -18.094658756937044 259.06283035765887
383.2979798087693 437.4381187820905 50.97378972501444 309.7013152267421 157.73695531142943 146.05032563404004

510.59454739005804 481.3978785045903 -168.9274038435706 307.37722553071086 166.2016337294391 339.5239889149998
415.57531903507436 449.2229031586059 326.4868534202444 -72.41076581771961 166.8324600859774 205.369534891731
446.47580322713463 460.0834171870168 414.83499173640945 -136.65665701541045 255.2166558384077 251.49632657193206
352.9297384289471 426.9661183754942 63.164409680888745 -576.7520883135072 -18.562962259654963 102.80978297004715
385.6510295497887 437.6761286404365 68.49403307533454 310.5202463075621 162.34719556679534 148.9749182715832

346.26060097907987 424.35382641002934 -294.6859149686173 -127.80536837670671 -239.13365335141162 94.04508752485783

390.1972669574645 439.2250071660975 -373.6125583603728 -410.5069560816942 -247.26449734321722 155.71871561420022

229.25347571405445 388.9444620201718 -301.40934207639634 452.2088706715299 260.13618360372817 -43.68611144040886
380.88822465086326 438.5493947985629 378.0323580791471 116.3813814396852 268.5776593022347 155.21510712382727
352.9297384289471 431.2171500568495 168.89323889092566 -47.586285089730865 -127.22874910198658 128.09327007648272
515.1555985152634 486.23506403251025 114.27723947787098 166.7371274833445 92.40202955333808 364.76698173391856

430.00027991952913 455.4375049297606 54.3280378536109 265.335980908131 172.47369460711988 230.38246581456235
394.54577815143836 442.6976053591818 160.4275593601018 -7.779296104200059 119.39158688367834 177.26524409071132
373.2896339530711 434.4381097139597 215.57004993972672 -357.598256168522 -3.4267483655660422 134.1484391560804
362.1670704420486 431.2007594693349 -33.87059014041917 -611.0576490501911 14.258516110900151 116.49011565154761
512.574810119676 482.6991900471402 76.81735239545691 217.22190880307716 120.17580922750533 344.3719758132196

415.57531903507436 448.4178014918971 -43.93718516567177 362.47496297691 194.94095528094533 194.7861836735317
380.88822465086326 436.9435557244935 183.5649611965539 -133.39882484007984 77.8096424924677 153.00226059849615
564.8269764725942 502.6813389201898 196.37898518889486 -460.9796145796339 16.30637525454091 439.0191491303892
478.66580620334685 470.7964351798651 96.49382979203388 205.04815555295974 128.3414046400659 289.68676735162313

628.7672669279198 525.3777286004047 269.214037804819 -484.9415843401988 148.79505114294466 535.7288010864407

599.5207533386816 514.1225208100134 129.85723324520515 302.5992219082973 182.7618327952064 484.501474438999
441.2798293340635 461.76740571915 441.0875973754986 -41.11690005410562 136.10237420752676 265.39352027232655
380.88822465086326 445.0906206429086 241.29152816610326 -34.637456390155094 71.97396863744626 198.50823030566548
378.4189633918261 443.4297530181495 163.222752699847 -94.57687475611077 -20.120240392906442 191.6841078308195
359.1817741270805 436.4527236352397 -2.0589868910148947 -299.5941136918172 -26.69666557127708 159.08270894778977
327.33640101522707 423.8767174178194 280.6933336205051 622.8713262938809 476.0239627793722 106.36092850581278

592.1310287184775 511.72554967875544 165.20200927117153 281.58187969305243 167.04553385825687 472.99336297010035
595.3243334287785 515.0950662897037 219.4332799294358 240.1510963932104 83.922692841192 496.8612309272481

359.1817741270805 431.6229726065847 -68.28386862896807 354.1527271095898 211.77255814928196 131.7727339904748
394.54577815143836 446.0126557744628 342.91790985656684 -257.36453629123315 142.10301970194715 198.69953114898377
533.1752142634274 496.71670292703504 151.89900601975464 -99.91995447368917 113.32792598785963 424.66380011566304
394.54577815143836 448.41113535522607 274.9359562653878 -373.8463413226994 105.57554289031444 215.18672521687847
555.4895693948483 505.9754497317029 131.8819748861282 299.2793797327844 130.1514154108486 472.02700956090314

346.26060097907987 432.79992953162474 273.1983818086113 -79.55245577148334 202.08165740817736 152.22999606697908
352.9297384289471 436.40531057742277 91.49641965924444 111.78535148035371 99.25966097413816 166.56670380264714
378.4189633918261 444.7084822068274 111.00741965892023 -427.83769531897724 46.8805826110421 199.1794466200294
375.88718259339714 443.27551321311887 174.245074538701 45.3338563749773 176.41081255166142 194.267994735082
362.1670704420486 438.70567610475854 141.28962358741543 -73.314509224667 -56.54826371912209 177.34789574331927
442.60435200906556 468.1445754894668 360.93583588323605 -381.0739842237677 104.54903940033597 304.9304745364289
418.9654742026425 463.1772883384882 152.83219154367183 -215.55186307240132 38.27736897191054 285.04043070857614
352.9297384289471 437.950636826451 376.5824336444976 -91.70176641285164 321.6519662308526 173.86287513371107
480.4840381116659 478.8155970779427 15.051676849022677 344.737982878938 189.5301072432826 347.16230661482035

413.8361447638875 449.37220941932577 454.4669413344372 227.81190855396093 226.69748341776145 206.99790807014531

435.799005684564 456.33754144009436 119.06037458344979 318.6241289829323 182.35595246056977 228.07048222912894
521.330399222108 488.17991887344914 191.22220553984553 -410.2022167801523 86.95796880643212 369.1939524173362
352.9297384289471 428.255908771814 184.41297486369146 -822.1506405080914 -34.39192801418286 110.35879651976148
415.57531903507436 449.0096652297218 213.01260013462064 -69.73325796496691 -199.95690325249095 197.7600247739227
331.4186004672526 420.8387902717869 -82.85557628001604 333.71005160714964 185.91042879212827 74.20020849946486

356.10460826040514 428.7712210445892 -156.3093116852233 371.19022344242285 208.31552169212338 110.61554601609372
418.9654742026425 452.2040333533372 397.678211268458 -306.9466336130354 162.9778304590723 223.96258453674335
390.1972669574645 444.3603583263373 3.14559705766312 338.82050968931594 172.18208522436927 195.96632657463016

426.96974496999616 456.62780868378246 -12.977172168822907 200.18047234393578 185.281834049333 249.25149880581844
380.88822465086326 443.7000969021794 343.9842785206147 6.415257016888459 793.8342586298966 194.41792631118417
370.622809244855 441.1908525791036 128.6869338099621 102.18114359919095 172.0269577501082 183.4620274889619
490.7494535176743 481.17239218125735 227.92789981254037 -413.18870225537677 129.78155470455135 354.3535082235537
420.6184043977636 453.1532401415395 266.07290643592125 -344.0379352570977 -12.815592555773158 227.13576363593893
408.42942263685995 448.0951625920841 52.98807947558933 -219.6558452511701 39.98068121843139 199.6514854212381
385.6510295497887 439.0818919097534 211.6762220914316 -503.5235020316784 -11.86890493935533 160.60600302535212
478.66580620334685 471.30336960966554 98.32757635439579 272.5864472428428 112.01608067815228 292.28078769342767

549.7987561676604 497.02743580180595 60.71697883514724 -764.8068096704912 -6.473555650983358 405.4170505740354

582.54099627779 508.5609472053095 283.2933673659262 -181.82987397509132 -27.90719907379153 457.9269927565938

170.47480922384253 376.67860722088096 -121.86218331724612 446.44422223765616 264.44720854797816 -85.06620310108276
468.0277658474897 468.0581404218077 250.03702629425152 94.56000692147843 5.967500042601341 279.84500760495285

339.1147045808654 425.6852291569948 188.3188545035739 435.24452231447003 308.6253764220839 90.13378836832004
523.6973736306985 488.11364904652714 232.2614732456371 -186.45373369316675 19.836622049796734 364.0539465283649
408.42942263685995 446.44138954475164 195.55226409689234 175.4799669009468 119.20812012484544 184.61687391152043

538.8615004528817 491.8553752695409 -139.24022837722848 -59.21124908666644 -69.43193088712111 387.7820860065361

560.0641715736688 501.18986414450956 151.2947218800092 -41.082374893797976 -51.521863025559036 425.3797435944838

479.57905455967415 471.0842320651785 64.31207087396922 301.821822312947 171.16509897606 297.154661105743
78.84573603642703 382.13179222920945 -47.55939556906829 142.43824826287124 144.37418609153528 -57.48682075545766

452.6126978647638 461.4248209220496 139.91005407059058 15.19849732665006 -115.30977763562578 254.34014979914693

554.2047551470635 497.6172261324839 106.19079104445606 33.3032751658996 15.074284355285853 414.39440377812764

582.54099627779 508.01119845379077 161.27303674082708 238.87481651196532 164.78772716284712 460.8940538239412
404.65538983857516 447.5968868454736 407.04008058652903 8.289124644339662 215.8968536639573 205.21110890986625
367.8829118260435 438.18732299188133 94.38696422559227 -78.41157788835 -34.48974384237353 171.53950947695228
418.9654742026425 451.61981691562687 412.7392978824342 -138.88234244501103 212.06104297202856 219.06517103120282
387.9499813722586 439.6397128546863 61.48928889423719 -395.5848930982176 21.581543665028992 156.97344274129722
313.98326175277475 415.8201397120866 180.00691718322187 229.55265661186863 227.99579679501235 65.02585192430223

446.47580322713463 460.1511302105591 103.82644260325407 112.74797809723395 165.55560695500392 247.59981159881238
390.1972669574645 440.31991375942516 93.03482992938716 -371.8552901554339 16.667278025057776 166.5865387573883
383.2979798087693 438.8378953647423 67.63969594811662 -54.02143019665064 79.78044762945387 160.9674138435424
517.6714544788788 486.76787731940925 512.3508683615948 -153.77310318063073 179.7136226504962 371.3005200392239
406.56020933564474 447.0143438968089 191.50012736583776 71.79373620856504 -210.7147474696866 197.91745874103316
410.2643365036796 449.6724582045418 213.67339712904837 -251.79478175417916 -171.33236722021257 213.2218409300242
412.06618705394743 450.3245187718455 91.20159554520185 -376.19403321084246 53.26176026041052 219.6545963028878
418.9654742026425 450.374882805772 434.825731405611 -266.9071819984609 799.606251036745 211.46883076821638
404.65538983857516 445.4466620654475 240.4839743290081 -563.3790093211874 244.00117646758326 182.25012510542032

292.8523523860541 407.74109509671683 94.63283643940218 282.5564848055656 228.09595603882954 30.178243957180257
367.8829118260435 432.69952255999453 90.47411927990612 -627.3173407174453 -102.46923343285216 127.9131125538818
402.7135812528651 444.9102142475919 313.33351981277997 -82.82979335475106 97.82671639960441 186.90463490132555
396.6511190712216 443.9950473812405 65.43579559727922 290.8510925981311 143.38670250968832 187.608359803676

342.7514689979529 424.2318284735439 20.065128100321527 224.09976171423557 167.23821713783929 95.18578488318651
460.61696863211756 467.2205429719403 398.3939528787912 -297.7925793894417 130.24952434019008 288.79257141344397
373.2896339530711 440.97058269533625 171.95616444396532 -370.88076713575435 18.99411081832024 180.69105815159386
454.9657476057833 465.6756255980435 470.63536692726456 -774.5347706210488 785.8282404624937 283.7793946126712
362.1670704420486 430.7076224933926 -3.823926336174624 -287.67536182036247 -79.24380127892334 117.84389493331882
204.12203288596382 382.8872975610968 -27.657640065368984 203.58515740469895 181.67260254216694 -61.38835342426484

511.2590016619249 482.0264178028111 81.5228666232016 299.54962541481234 394.3800486752673 343.0710118528973
478.66580620334685 471.74213553939427 189.36731761612256 -385.29078008639567 6.231255308708871 304.0766654053064
547.9805242593413 498.44486667027024 251.5616557472712 -143.2124993491144 71.83057173751315 426.12744650099944
352.9297384289471 432.0658505613495 168.91538764271925 -518.3844783698452 -93.17098139013066 141.1043648311706
511.2590016619249 488.8807437345978 184.47077291398742 -354.4516478473672 47.582439254372524 389.6776571222163
584.4703165712579 516.0895147999927 254.09208704746135 -150.81379999135567 147.83274397173224 511.6392734026525
450.2029427068578 462.7966640295074 447.0141030620735 -120.4095926598337 170.4229725564498 262.6084347207732
402.7135812528651 444.8739630463979 268.3315188900193 2.7288855052009184 -79.53000447507877 178.06415308630048
9.531017980432493 466.828017580585 268.71431370114163 708.6240906445869 414.5803908531409 280.98599808649544

422.2444564849416 451.08353719749675 114.32912927505254 -3.459370427464264 87.60811643931179 207.20494852953632
396.6511190712216 442.4733034715074 124.8684517897364 -238.35430568551396 59.35703751991698 176.79734983474694
420.6184043977636 450.76152365969836 174.2182921277968 -209.96466102767002 -121.01648451334263 205.6415764433963

298.568193770049 409.10173577708673 -9.125218884830666 300.39066842703943 204.0312872237121 41.43849019221519
570.4781974989285 504.42777086801635 262.2393197069145 -520.4838592357746 165.99253353698703 447.3313623787097
378.4189633918261 438.39214110838816 203.04027306227715 -845.8822216680874 -39.84580368613131 166.66285914341404
452.6126978647638 465.0183892378226 85.95823379572754 -576.584492861721 45.47929346592155 283.32658423451363
356.10460826040514 432.5241483383266 116.94125797991006 -136.45248100128165 96.48960195423548 143.52233415564513
425.4193263163997 455.73253552010726 210.0157098296156 -45.087722379999875 92.80872454455606 236.32678547403754
624.1639437473223 526.3324767814386 121.25339058110612 123.4308009849356 5.11590027859993 553.4889262510246

439.9375273008495 460.3789592935944 14.789137823297777 -107.38588469553976 -89.31428622029378 259.32023237182995

266.0259537265861 402.81100385376544 -146.13767101748167 426.816598791721 231.6129897232255 23.000455429339333
385.6510295497887 439.1051991993329 403.09376043624167 -278.22114030133 261.0663684341486 166.0661424478537
402.7135812528651 444.7979821385376 312.646406640871 223.8625306169162 58.47722321762141 182.95214600210602
402.7135812528651 444.68930068459844 214.2115252426532 236.06364594221182 22.02897585571083 173.97591164432941
400.73331852324714 443.6536425593941 231.64028562196336 11.324011494314707 -130.88339111832764 178.62651314369907
359.1817741270805 430.3270386812736 122.98109960553731 -3.20627800926072 -14.79739862381142 119.88195233542582
521.9274159207583 486.71652651706347 181.01166481897545 -776.2009990363296 31.487359319648654 362.7176173680572
367.8829118260435 434.01399373132665 204.82803287628374 -426.97331565053173 81.97757918987513 139.7852246325927
410.2643365036796 451.0889588722148 251.32105259873327 -128.44036370040564 68.68228691908217 217.6574498349492
586.9861725348733 514.6920470416054 277.5817554925086 -304.4423324455868 47.7645827291361 504.16389272414517
443.9115601658009 466.7121975478103 453.600003234904 -162.01335892168325 255.9803069661942 297.1962320044777
356.10460826040514 438.73437891090026 263.8927479404629 156.15686612022722 195.97966497824854 179.03166572393175
488.28019225863704 479.8855290016508 444.6200653168502 -263.60267586117754 150.08795311181976 349.16421592229875
229.25347571405445 391.8610860548232 -156.7414499175119 469.8419355550725 246.32664767007856 -24.874996368116957

435.799005684564 455.99392438407466 101.88966273027862 335.3827609346884 181.2662764565752 224.40213122062053
392.395157629342 440.93706584640404 108.11290859115796 -231.00337626009312 65.65970457404981 160.1353336860189
629.7845696992248 525.5589685420415 329.37790083761035 -205.91227862559646 68.35866313009903 536.0666341986845
541.3430173648541 493.6393468930846 213.6700351971919 281.3537909720686 126.56982781659647 392.4773981685048

493.9497266262916 476.33822891728954 -44.63578988850154 289.1632395939313 178.51074468741047 318.83206796154803
402.7135812528651 448.3054143882722 409.2182994891391 38.31373576280257 288.8210477053532 208.75700675533483
650.0538637835167 539.252170315988 229.40149746418564 5.772483163366051 53.16082821243617 616.0677846561126
359.1817741270805 436.3806749823154 137.16762257837175 -573.3313577998006 103.93249592204974 160.49908557869097
387.9499813722586 445.7391632222903 189.41562671737577 117.35233129527558 246.44891243301572 201.13473244620513

280.33603809065346 408.1542285171578 108.0708413983275 303.0977468858473 221.52240418715925 43.26039641972798
484.0242308167575 475.3447553957773 354.19509657750217 -322.4428126180253 59.080512036625635 313.78897976718974
601.9565977218857 516.676098998946 305.21606134755086 -509.7214088640383 26.42726259294198 490.8359311324622
387.9499813722586 441.55624455420224 292.1615304524663 413.09093018039323 326.4917603888625 171.88331773328375

204.12203288596382 388.6792648767555 -23.881216508607956 285.79341725688084 223.34198063355913 -22.214933210163636
505.8154810064233 487.36938727228863 145.0503917581739 -647.9474429411007 27.7773689416515 381.44755863767045
497.0507503005477 483.83636813323 155.37432131624215 -18.339481325505652 135.44697512608923 364.18682637570214
422.2444564849416 457.8718888178557 375.90947983926566 -155.2674689931 205.03128701992793 251.08579227353377
544.2417710521793 501.46012540875836 106.94595042987496 -361.82119746571016 70.74964033831381 439.93914224843564
533.1752142634274 496.68608725759765 259.15094426527486 97.44157734907952 72.05244734105659 422.08333951484633

286.78989020441065 412.2758060518731 -29.042700736222297 245.0442309547414 179.92043195870798 65.26362728862006
373.2896339530711 441.8856546228232 245.76099260044546 -402.53909628945064 77.84023129255866 187.7287567354108
541.8320158942734 500.586685873734 204.997384848358 242.77655700356698 -26.531431726095544 443.61344097414957

292.8523523860541 413.6898254969368 -146.97312502974063 381.5801400848215 228.94777799386645 68.23902810894647
402.7135812528651 450.73265642013956 245.74402792799486 133.992541757945 243.06093797232924 222.47953542045394
380.88822465086326 445.86670451001913 313.87223652320586 -835.6264877495024 136.34298916264655 204.7972556480582
402.7135812528651 452.82336630933867 235.98368453746318 -5.267231668477432 -120.27368270822501 231.87126613973197
327.33640101522707 425.88745466989326 -219.40866117029745 382.59163573486865 187.2472253774875 116.72491888466536

313.98326175277475 421.56325572097796 136.92453786815574 122.06331409255462 78.79366048843444 101.21279273620596
492.3623917106626 482.6921303076916 148.44495792527385 175.98180133868948 85.09001349031693 360.0499565076241

434.3805421853684 462.5201881992456 -84.22845863686082 209.82229236891138 32.68540188974046 272.24742516567386

483.15086281988204 480.0705098317344 -121.3734039048566 -385.84974497920456 -227.32560338584923 348.933324708079

273.43675094195834 409.6831484094312 -252.84921701178925 465.1110867279482 270.91655243206503 55.78070597757839
362.1670704420486 439.78850871911186 262.879372601476 112.61276512956238 235.66224129031502 179.5620154522658
463.86049620743285 474.94033424005255 190.07908821787152 43.82952020973923 179.56201815395235 331.71903697591694
441.2798293340635 467.1814682953217 183.8673459722914 -37.93685926632844 135.95814698518453 296.39883596063567
375.88718259339714 444.783743125835 202.63213872652494 -10.229671972691344 173.62518966352246 199.23979194514112
367.8829118260435 441.9878983668686 195.78703037063866 29.124512305374754 181.10023728633487 188.08599952347015
352.9297384289471 437.2206931071587 240.69026073551254 -163.19059928174963 66.86012949000599 168.03315892120128
385.6510295497887 448.44827059103716 163.58017793712332 -43.70548663364055 124.73161521214608 214.1996170490499

9.531017980432493 476.2156334218138 277.07108134345594 774.8643846776281 450.9455432458039 335.7499837158069
426.96974496999616 462.0581588373585 -84.18045073472265 332.2019168499718 160.18649308742997 274.2017110100765

266.0259537265861 408.98448950505593 -120.34846630836667 295.5749898949287 225.77009740760337 58.08842940530724
375.88718259339714 445.0625045626964 336.39817336249604 -268.11129255369184 281.05284843176554 202.1641992413994
352.9297384289471 437.343729401283 294.4140170568627 196.9039574493033 220.4935126129774 169.42673114112878
547.9805242593413 505.0713685008036 279.1416384933188 12.622352603328943 148.21765292482775 463.1933628075991
356.10460826040514 438.0197833484357 246.89876336846459 -153.5090111424449 129.44467728871697 175.16092900633024
396.6511190712216 452.789204723343 11.16188312339812 -253.79685680015132 47.92298476319078 238.21664262042708
9.531017980432493 476.91253195656304 321.39797773185734 873.8214416033792 525.6173055444887 341.9111747670408

292.8523523860541 415.82907239684 -109.43856224786268 373.787259293275 218.55102846480827 80.85432367551942
434.3805421853684 459.0216622667376 394.04382429003164 -381.16987663925397 145.43853035003912 251.74882562498874
313.98326175277475 415.9904504808723 -10.951692679786888 240.2402751676826 162.94809682164967 65.23766326698095

170.47480922384253 379.48041768653917 -84.77684888508479 245.5759626767871 183.6316337573677 -69.75180095946399
456.12182984589083 466.27409507698536 156.49379131399547 293.4424842080985 147.27812806108815 277.9441164445465

500.7965065540377 482.8877180007387 -33.07799157560792 295.8745644814543 166.5019920411947 351.81629887486065
585.1052393391237 514.7287541737512 311.63927815177766 -303.3236809694871 62.772098645345444 499.6212853152108
78.84573603642703 386.7236802716252 -29.311186413861602 449.0995148892837 307.0175572509892 -36.39809679019613

217.4751721484161 387.8316196006006 -67.58930491395847 288.85942201629996 196.27319807190145 -53.08794443356019
415.57531903507436 449.6954492943454 164.47983755634945 -116.47258358294378 40.383961984692306 195.88472668525424
434.3805421853684 458.3169233888878 372.408722751089 -291.5548651994853 119.76612390049704 240.05864114383738
413.8361447638875 453.68873106410285 54.1750884316827 -801.6758198499884 47.67104621928924 228.63728178814176
378.4189633918261 444.1291668932683 347.6813625810875 -203.8808698826156 201.55514111474514 191.85083806017386
412.06618705394743 456.89618521057264 212.08706400857133 -124.85283063414265 -123.0346868512423 247.47680942377707
408.42942263685995 454.74705288291847 264.5305411256062 -80.28084140757831 -49.48476469779965 237.78327489592303
365.0658241293739 441.2742176714725 265.21521384638527 62.807124737354194 103.50313679334249 183.63261907100346
402.7135812528651 454.8700607777824 349.88590248218094 -167.85243398769026 170.34258810316118 239.21410055504708
342.7514689979529 433.6077585050819 -8.454838619471712 249.6767113086846 169.24346842281423 143.4248123223616

313.98326175277475 421.9990873486985 -42.45265044391186 184.77808058535288 166.45353513256512 101.02179955970661
396.6511190712216 450.8103456921489 428.58989214807195 -490.72228587940054 873.647350813174 223.34099353092057
394.54577815143836 449.52462918390415 78.54820531806446 -401.3994684401763 -132.49275011862088 218.4202004785678
394.54577815143836 448.64557306086084 320.93688031375126 -298.0993081945303 130.3157095653475 214.41345886052355
396.6511190712216 448.3223038739431 192.0773562525002 -138.37713792944157 -281.36354512008234 208.50338040356397
373.2896339530711 440.47000463189727 167.46871154205942 1.112528684152968 20.671883073272113 175.60029651596207
539.3627546352362 499.4390072048326 206.23935036050173 -395.1308854298049 157.21184255939272 433.6398041123974
439.9375273008495 459.4470203499327 471.77252672563526 -181.34691222252306 180.13810334532502 245.35261901500184
408.42942263685995 447.59161576045125 343.8726373327377 -102.62314986941703 188.98911552569265 183.62277280872655

249.32054526026954 396.03441019687665 83.81596218579847 482.71918203836714 350.9994333883754 -24.42003970507192
481.380905109942 472.185905517288 343.6353697727391 -149.76586381494937 -256.3867154686683 294.3134689146487
365.0658241293739 432.33787776391574 176.7196109975476 -131.4913094407578 -32.246203449045964 120.04537061812724
378.4189633918261 436.9466200385626 212.18680903687232 -270.88809081902235 2.29629950971371 144.6045162026372
430.00027991952913 455.0199721413998 322.4843712175325 -111.42918777524416 103.67753526341336 221.33589490650655
383.2979798087693 438.4515787464677 266.8797503449503 -205.57810865527563 -17.802184174585946 151.08907810757316
426.96974496999616 454.17354422774514 326.93035179938425 -339.9534360315074 120.67362517602771 227.14065510984298
365.0658241293739 434.6187164460558 171.0486866649763 -62.817940682663256 3.386009463544401 143.52825964637796
373.2896339530711 438.3563366580909 238.0863167606217 -642.7106093367556 151.18305513335656 156.1598723133288
404.65538983857516 447.5451428444949 378.212361385297 -542.5583553854652 242.28336502530894 188.36615358092988
390.1972669574645 441.04733684564144 167.1852228510026 -18.46320887759324 -147.32714072908485 155.7137351296733
441.2798293340635 458.2618942681506 106.18393680349298 264.89010374562696 142.58840039590712 232.8011180260851

342.7514689979529 424.7210239340326 -148.76649796125042 367.0364109201556 206.31940848918765 90.3974486239409
394.54577815143836 443.89673256045216 337.61533911686354 -320.8605841932354 117.29132721708851 180.35139861906126
459.51198501345897 468.54227751742076 122.60801176083321 -903.6586658656366 34.896209140306205 292.58251155988694
467.0021158307708 472.7373628017285 228.22955130651005 -60.387791119384545 128.37245711142805 311.90066407923024
446.47580322713463 464.31159001133847 394.58953527501063 -816.503311767981 113.90593801379016 273.54763047034174
507.8916801512661 484.33462919124406 237.60362273933055 -797.1089015925296 38.98679349166012 357.7265433559535
385.6510295497887 441.8070508182137 232.64916986578004 -166.4902659675277 48.88564679476953 175.63146362933014
417.28476237100443 453.29669502706025 121.8963087254555 -843.4671428826139 -108.735831557289 223.07106463710434
456.12182984589083 465.8924209275169 358.2044308326966 -457.8432235684229 46.87238233575546 275.10338700920073
584.7882818629957 511.20530079106123 311.37513927762785 269.7886702469426 121.94646276676147 469.24963798332476

349.650756146648 427.76314952619873 -35.482468772680306 341.3256366457312 206.4477087627866 101.55105584936402
432.9416684401584 458.7748397423376 423.72617231189025 -345.95057869572184 152.32262085028964 248.46250713738098
430.00027991952913 460.691007119563 38.22843580348883 -530.0980437256655 -69.7311506678702 262.4147341025675
392.395157629342 446.10834808004796 309.1987518565488 -44.4259329917071 82.00994917901593 197.57544898130334
431.48178849804316 456.59130739100664 421.40743478650376 -188.30719399511688 160.00691683009737 231.57602395061772
335.34067178258067 423.93838146396143 89.91998647876164 180.5265297203933 221.13710060168134 78.04652262946824

517.6714544788788 486.26316152585264 161.03732560592294 265.56804030643326 192.78682736544167 356.2430794471927
352.9297384289471 430.5930572859721 198.9692269455007 -173.7772232904731 101.96490625529687 123.1719639938999
452.6126978647638 465.323989381557 41.26602794683896 296.0391233650457 166.02270591541702 270.2475039251996

273.43675094195834 405.3647705594895 -26.039917109595024 341.55309971597694 206.61865569096403 24.175351273109783
520.7297968160868 489.95229875663836 206.1658436021006 -415.6990051293911 -35.76722767281794 382.5710644797317
367.8829118260435 437.81873746589906 229.9761198179684 -267.3467702929281 -56.70942643954412 161.6468863607752
564.8269764725942 508.0138912195526 114.34400402444957 246.18869742309846 111.93774783471773 472.7017853933197

535.2805551832106 496.88600443696816 47.494515564328914 268.317620458083 172.7337266602041 422.9794725660998
352.9297384289471 434.03087977719974 286.2084361636116 51.29093969947154 237.4029189393117 154.07817947030117
475.8749273916392 477.80669026281197 156.43459167378714 -70.44217025516227 249.11126591625083 343.63980200650957
531.024593741331 497.76044183212605 95.33299145454764 -211.36418875440523 93.63121383068932 430.9753335875163
375.88718259339714 443.0483288426823 160.39495697980286 6.057471497859042 170.1744767421124 192.48030233785744
477.74414069285444 477.64928109587964 77.6886107185072 318.81940048505726 151.3157038650335 338.96624769056996

534.2334251964811 497.7680548645544 99.99367869026518 295.4378550155405 178.61170455207798 426.20937188668677
378.4189633918261 442.65404773849804 176.98332495222598 -367.31225653951094 38.38448083693148 186.3398323233983
367.8829118260435 439.65774051247035 128.1541677173791 -32.09917730574608 95.40265765906472 174.7297044151886
346.26060097907987 432.399538961538 153.65572488484304 -51.78995099388079 90.00986147488767 145.12345198354706

239.78952727983707 395.90336062715636 -96.53338505078649 157.1725503300406 163.22891282479333 -33.74906727094643
483.15086281988204 475.14557966799424 480.8787556927121 -228.71205289373466 178.67486625003352 314.3196371857259
400.73331852324714 447.4428837937577 232.46506459608213 57.42059888924677 18.622071310045744 197.52562095311526
356.10460826040514 431.7321351757431 -13.670901681348077 -393.65896511751805 -34.60067361950782 135.03205976669517
406.56020933564474 447.27660576616336 344.7982325996933 -233.53249128862652 160.83470327158955 190.6481608862239
518.2906515036709 485.61979868506216 265.0573096644592 105.9488243546582 15.379828947945168 352.31321801279364
426.96974496999616 453.5459081552031 146.41243238627402 -238.82286623633195 12.350358932045141 210.77508069388347
422.2444564849416 452.9981254922478 331.8665923639764 -183.98802483608372 -51.77656824688229 219.07887835890477
396.6511190712216 445.74393530593863 205.82202453797547 -560.389450872387 -11.13032433987113 194.23137660559172
373.2896339530711 437.3738698691933 135.86372578873855 -231.35566515383758 -166.32176500251018 155.6342139246827
359.1817741270805 431.93766437251446 103.44621567890748 -86.47993461452363 77.74020984833128 128.5696319852587
387.9499813722586 441.93861026999343 301.24830003459647 -249.5962389932943 74.80425244859138 175.9704442741881
359.1817741270805 432.43022629887594 118.52344180754399 -56.74350884068691 111.39057378155874 141.63783239062226
422.2444564849416 453.72701075070694 253.69175978269442 -92.56799641976673 145.45587349939262 228.3197567674588
378.4189633918261 438.8983428913723 183.30979892402743 -36.75446436258279 133.34336781588584 166.15527010327006
431.48178849804316 455.90462085311253 391.93694094097975 -297.4212048063476 94.39567890587827 230.5288474053066
404.65538983857516 445.9452616189356 176.30717033687722 301.60783272799677 127.91936637449892 175.33004791225704

339.1147045808654 423.57062731991124 -138.2709689027943 369.68075050034724 204.41472633381647 84.97912294950054
394.54577815143836 443.54248844107025 301.93869666407807 -421.6221380878595 63.35226615177102 177.51402466554381
378.4189633918261 439.888121153854 46.12634189843307 -490.65591769100394 -74.85096892469407 169.2092628926507
404.65538983857516 446.65771499460465 333.2951296483006 -272.44210271758413 132.66247615744624 188.7507660833524
425.4193263163997 453.7373724187259 271.46783551250115 -448.65019436116586 19.754621816468244 216.1316499691407
439.9375273008495 459.42681990548175 328.0657843825281 -61.29551532817133 104.94917712614051 245.03076488474446
362.1670704420486 431.1475063127241 8.584317949803278 -145.63461900990632 80.45483042352495 117.17503993774739
417.28476237100443 455.24802336272376 522.303349531638 -704.1252116956286 482.821694163475 235.84730481296802
412.06618705394743 456.35316836275786 98.9200343834302 59.20642313653078 -34.53194577783499 241.44240355594854
473.00391680339607 475.3939928667993 396.96368972293743 -105.07734629392829 177.8812305370632 327.08880341840154
362.1670704420486 438.2182720892284 131.50854212487343 -533.4972800059948 65.86948255016806 169.07225079209874
428.4964921830751 457.28176253356185 417.7698793030084 -369.42947971309843 135.69570982808975 240.55134324752285
462.7909672957581 466.52495169110904 198.54236099150583 -220.68167444954253 -106.33989469405762 268.02414640159816
356.10460826040514 429.9703885784189 204.5387109902561 -137.09666294921757 -369.2080035831412 108.00561529952064
327.33640101522707 420.45247570487925 -82.52087902025399 253.0359639189291 161.3404430201623 70.88810789790635

170.47480922384253 377.8755190401571 55.00957511285661 657.8317016510847 454.5039515037404 -88.04291560002561
359.1817741270805 430.468717868 111.65272717824062 175.12370265815 121.35311001969873 110.25248236860898
362.1670704420486 431.0188335311008 28.986569429968345 151.7718692386432 118.9141815574372 117.94106335179129

239.78952727983707 392.8090801685254 -100.23225018598406 238.44346093741606 195.5054202641945 -31.101481403332915
550.2481951264443 497.5660113481006 216.2957086015352 48.345605715489626 157.82608985394978 405.4566832297885
398.71304779149517 447.5369362927088 395.07639646251283 -126.68559345406291 276.65964913221177 197.58424909548503
465.9658371272161 473.2733286126881 13.36254497019639 -420.4839009591472 -26.48818767380265 314.4832687648798
380.88822465086326 442.91830735387776 102.90831317715063 76.76327241821862 158.57060042157624 183.46644323411627
392.395157629342 445.87827072636327 236.3608501236074 -215.7314549704925 125.83064595878064 195.59576200450587
434.3805421853684 459.2151812049595 126.1205629190598 -203.25610532736295 -27.883616902261437 250.26124040056476
385.6510295497887 440.03932999948995 326.14247774733866 -351.06540908606763 130.61112070331106 160.03532950784592
378.4189633918261 437.13189117784754 88.18151022027935 -179.94635756877605 -106.20421797463568 139.13960065205043
534.7583607850954 492.5385050102179 249.68494168015818 -463.239153237158 37.973090102650715 384.39400516089705
370.622809244855 434.70839375225364 231.1393608618611 -256.5778500157397 99.76892076826009 129.63885921493278
418.9654742026425 450.93486009805804 14.726136270902913 261.03628334168565 150.4652914712232 197.0446554516366

408.42942263685995 446.79909657828114 -22.80414014793922 -113.35307533027486 -115.75444125928888 183.26881944603826

188.706964903238 383.24777810090444 -4.259590987433776 497.41606607248946 350.2970684780431 -47.97279255877281
415.57531903507436 449.8680255857262 365.3531418705738 -197.08562085761642 131.75600338015707 204.812698198006
367.8829118260435 433.31980626261475 63.66546398152244 -291.19886628746923 -4.947578984576953 125.07244970383165
380.88822465086326 437.36700701546687 58.38639723228719 -31.877315014973167 106.53268115225094 143.38767346870122
359.1817741270805 430.1088489720695 190.01584175631584 -277.40872571000466 -91.301817825831 117.71501132571586
394.54577815143836 442.3912391862569 220.64974392477131 -223.60390980119865 21.55182301763402 169.7486019875849
422.2444564849416 452.17812904286313 291.6362573957553 -320.49456599462013 44.1077654716086 212.96182373814275
373.2896339530711 436.3939837191681 199.43632727379156 160.83905109410495 61.13415161799445 149.50670753006142
392.395157629342 443.5813992812753 315.9607316084605 -1.6323290870747291 166.50578629345773 182.15672056380373
491.55917454093617 480.77099284778404 216.3240551044313 -248.1690372955009 -211.7566555219468 346.99676452183746
589.1367930569696 516.9728147939355 293.0206440427915 -155.49061049328625 214.53178637114743 511.25009930888314
447.7336814478207 464.25545026886635 433.5217519509227 309.4403856070157 266.2602850526457 275.5869215697866
78.84573603642703 381.5329477189037 -430.4552671730815 510.14279836650155 539.0276776267148 -67.42188604663076

204.12203288596382 384.0503713860366 -14.50534910606224 235.12218322707707 192.7557485118536 -61.42775899149906
422.2444564849416 451.8446974874002 74.05494844881633 288.5032112464202 165.16922753593326 205.01614085238623

392.395157629342 441.65914135968694 -160.54710570084714 78.05245869913465 -35.7158665727986 159.74357161209545

457.26469942825315 463.9920857228892 -58.568821544470815 324.11087628197873 208.86320432548908 257.58752346805574
390.1972669574645 442.9915419343206 370.6281524917394 -193.7431412611269 203.7003572958676 179.58935353857106
412.06618705394743 453.5175278474811 125.0109005385984 -200.50994016040363 -163.49786702031508 231.12141336157546
488.28019225863704 482.1296717996852 185.15921266492361 -172.27786250380586 115.81304136921429 358.4806256522568
428.4964921830751 457.67513542341857 416.0695450930901 -253.29181522336705 153.23675096843098 242.8304992833576
452.6126978647638 464.52696483197195 180.0937659018389 -287.8667794552409 92.37431993193533 261.1420985021135
452.6126978647638 463.2299987740967 163.54976084649687 327.77378345464615 111.2542611820782 253.03267778135026

342.7514689979529 425.25393372883366 -11.222515003568391 342.3889476500059 206.0527661567656 94.74591802192391
484.8900370910689 474.69098771456055 210.74878798851148 -10.642462284246411 114.60129846107567 309.03152366868454
378.4189633918261 438.67307948164546 248.9222090265979 -310.6638075928696 112.75931986093603 158.5548205155892
507.8916801512661 484.13842013755357 118.14839569310729 -109.50206103774411 -194.25227274042277 356.53626763478934
462.7909672957581 471.11359242836085 491.44474202249444 -472.356390286578 783.6923998751089 308.487231092247
398.71304779149517 452.21733848153065 228.9391509872138 -277.4187719587402 56.80214643439568 231.26439637375924
396.6511190712216 452.4370088951378 259.089122688558 1.8497129733214743 -4.071170023685447 232.75000631415344
458.39465495364647 472.15113796104447 133.90822743389884 -246.3325805089354 -40.56447828274958 316.01745531846683
387.9499813722586 447.0853458001197 81.30997641402769 -50.79074225126957 94.72530032598338 205.0926554927441
367.8829118260435 440.4573299886355 178.53603529908762 59.48711504452666 179.45031058046052 176.0740911815381
356.10460826040514 436.51176987738404 297.75698013348733 -457.4304768096345 179.03938068675572 160.94116959856123
448.97593344767637 464.4945495135291 441.3815040446404 29.68838623967203 214.60103268976343 272.7068475591351
362.1670704420486 431.44361648620526 99.12429317753295 -81.79154537569595 49.72814186036087 117.33993632843631

441.2798293340635 458.3779028690099 -105.74367083300558 333.1938773838722 233.88691976202458 233.19670289679047
426.96974496999616 455.75803309659983 362.1122486842901 -12.474941821880712 123.93002060203982 233.56720850922255
494.73404437239424 482.66541951280277 77.27866207558442 -74.25357581061434 107.91181562303207 357.765593889544
412.06618705394743 449.86106774163346 393.7539723341975 -924.0107194186509 159.9312068606087 205.90885817890774
549.7987561676604 497.09644102149923 251.83177111208175 321.8635200951804 142.32346607855902 404.27843343776476

430.00027991952913 453.71502286602333 -136.5953522739847 -81.37281689150157 -225.36503853184047 214.11826546609115

515.7905212831291 484.1996354153298 177.59613405269369 308.8008614095375 192.45816520146496 360.4243639429676
375.88718259339714 434.39955089666256 234.42911830266073 -746.2588714459204 14.331691956971513 143.04381841928972
502.9784112935016 478.90000690602017 117.43123552887933 -512.298296550354 16.600446313937233 332.219036929345
406.56020933564474 445.8704188166563 165.1369783309805 -286.63748063161563 72.89172255616165 195.6539167123222
367.8829118260435 432.2675984245712 187.67216037396688 -812.8234016443836 -40.33151907191698 135.85246618448429
446.47580322713463 458.89070668701606 34.33752840124893 299.35616453866527 158.19757491170026 244.4424093634501

456.12182984589083 461.91242849004686 92.28516707219894 -44.45280641582219 -313.240472612364 258.04546883046123

594.174895486205 512.1937193794852 249.86115443781594 249.67843520748733 181.13373749239304 482.7565894488165
385.6510295497887 440.5771014932927 243.9855298327584 -62.03082144708798 -84.34155565710934 174.80566720419895
370.622809244855 436.1279559882607 27.874269987785343 -17.599657074057102 -140.38823970442766 157.6224512050434
400.73331852324714 446.0064352107798 163.93746478446525 87.09613985643607 153.2984794121706 197.57601973118236
380.88822465086326 440.24695431231635 274.32180113175724 -996.8804440834658 51.221534013534296 175.91142617444422
459.51198501345897 469.34978783062695 220.02232771396152 -393.37747327855095 188.44184449529234 303.6190634412024
428.4964921830751 455.9677164554832 370.596722385629 -198.64785974784584 163.73383538845022 236.32726312673788
470.0480365792417 468.7058680368905 169.86317965049565 283.9218011694688 81.17246575294715 288.2027849386038

494.73404437239424 477.17077981563733 -107.14434920773685 263.1855307313971 200.75127688965716 325.8433055221295
610.9025335847127 521.1196015538032 207.77127390704945 81.88997674686568 182.08599963487603 529.2520010615862
400.73331852324714 451.2693519940012 407.1318646262232 -1201.1488546817013 217.89579904923048 227.09997201014835
487.44336729158545 482.97543367468825 22.55225099702175 -330.34909619798464 23.993228327800974 367.3975949672845
239.78952727983707 401.77166788593956 49.102228250225956 309.8970213048231 246.61098103615075 26.22133660157548

217.4751721484161 394.3724309742409 -0.33580787859858147 336.2239910501638 247.45443947911895 6.861141347077416
553.338948872752 504.7593659882531 144.48037505426942 -536.3520855943312 107.92827303535634 462.83571107553564
423.8444906195857 452.52744741070296 447.45881667526845 -157.00394338084956 297.7699401357322 224.44592675894367
481.380905109942 470.89518531741635 386.93134677550586 -46.795251212622254 -93.07569052067083 299.1336868768145
359.1817741270805 427.46923215121575 64.10512828059227 -455.8990397587416 -156.16121737033487 113.73217901540515
370.622809244855 430.94625951703665 73.85034971272957 280.62110527299564 162.70209768900529 131.89982240855124

396.6511190712216 441.4501258379687 -180.89331227838096 355.07398233455353 192.00688711717106 168.86806430745278
373.2896339530711 434.8229694772872 199.46135525381555 -555.1674396102945 85.82051430527616 145.84430299817814
383.2979798087693 439.51470135382954 29.72174628690739 -203.70241695468638 28.04679778839334 168.4328718429091
362.1670704420486 430.82344236911234 213.40072798423998 86.80569589944997 -28.08505672209553 127.71222235796624
518.9060380611087 484.5629853933676 191.21622851784633 205.16133375707764 102.04947216728605 356.52030413545543

