26575
26583
26587
26591
26595
26599
26603
26607
26611
26619
26623
26627
26631
26635
26639
26643
26647
26651
26655
26659
26663
26667
26671
26675
26679
26683
26687
26691
26695
26699
26703
26707
26715
26719
26723
26727
26731
26735
26739
26743
26747
26751
26755
26759
26763
26767
26771
26775
26779
26783
26791
26795
26799
26803
26807
26811
26815
26819
26827
26831
26835
26839
26843
26847
26851
26859
26863
26867
26871
26875
26879
26883
26887
26891
26895
26899
26903
26907
26911
26915
26919
26923
26927
26931
26935
26939
26943
26947
26951
26955
26959
26963
26967
26975
26979
26983
26987
26991
26995
26999
27007
27011
27027
27031
27035
27039
27043
27047
27051
27055
27059
27063
27067
27071
27075
27079
27083
27087
27091
27095
27099
27107
27111
27115
27119
27123
27127
27131
27135
27139
27143
27147
27151
27155
27159
27163
27167
27171
27175
27179
27183
27187
27195
27199
27203
27207
27211
27215
27219
27223
27227
27231
27235
27239
27243
27247
27251
27255
27259
27263
27271
27275
27279
27283
27287
27291
27295
27299
27307
27311
27315
27319
27323
27327
27331
27335
27343
27347
27351
27355
27359
27363
27367
27371
27375
27379
27383
27387
27391
27395
27399
27403
27407
27411
27415
27419
27423
27427
27431
27435
27439
27443
27447
27451
27455
27459
27463
27467
27471
27475
27479
27483
27487
27491
27495
27499
27503
27507
27511
27516
27520
27524
27528
27532
27536
27540
27544
27548
27552
27556
27560
27564
27568
27572
27576
27580
27584
27588
27592
27596
27600
27604
27608
27612
27616
27620
27624
27628
27632
27636
27640
27644
27648
27652
27656
27660
27664
27668
27672
27676
27680
27684
27688
27692
27696
27700
27704
27708
27712
27716
27724
27728
27732
27736
27740
27744
27748
27752
27756
27760
27764
27768
27772
27776
27780
27784
27788
27792
27816
27820
27824
27828
27832
27836
27840
27844
27848
27852
27856
27860
27868
27872
27876
27880
27884
27888
27892
27896
27900
27904
27908
27912
27916
27920
27924
27928
27932
27936
27940
27944
27948
27956
27960
27964
27968
27972
27976
27980
27984
27988
27992
27996
28000
28004
28008
28012
28016
28020
28024
28028
28032
28036
28040
28044
28048
28052
28056
28060
28064
28068
28072
28076
28080
28084
28088
28092
28096
28100
28104
28108
28112
28116
28120
28124
28128
28132
28136
28140
28144
28148
28152
28156
28160
28164
28168
28172
28176
28180
28184
28188
28192
28196
28200
28204
28208
28212
28216
28220
28224
28228
28232
28236
28240
28244
28248
28252
28256
28264
28268
28272
28276
28280
28284
28288
28292
28296
28300
28304
28308
28312
28316
28320
28324
28328
28336
28340
28344
28348
28352
28356
28360
28368
28372
28376
28380
28384
28388
28392
28396
28400
28404
28408
28412
28416
28420
28424
28428
28432
28436
28440
28637
28641
28645
28649
28653
28657
28661
28665
28669
28673
28677
28681
28685
28689
28693
28697
28701
28705
28709
28713
