3.2779250506658943 3.9447005643266904 4.426766139308397 5.174530435726694 
5.876976874638101 6.38625054284887 
9.77555461059641 10.372140921529759 10.662167620173665 10.861391349737008 11.133195789073952 11.348891056639719 11.62667309646248 12.07979699502599 12.468766855113989 12.87281944243023 13.280694013546325 
13.315816335491895 13.66977309827411 14.323423393349675 14.71914828976033 15.187444845149662 15.87974583751853 
15.932429320436887 16.669998081293866 
19.30417222721164 19.856529154631325 20.119906652991766 20.42368015773144 20.77110106197071 21.0812216249168 21.35846174687117 21.802950424932952 22.545135824015922 
23.72173360919253 24.467729880783466 24.729036195435313 25.262157489447148 25.690190841450068 25.961205098544312 26.512703201797514 27.326549419142836 27.623788463469744 28.056025671774048 28.22130648820818 29.09517384245773 
29.147857325376084 29.444691227931663 29.92468792184578 30.37296997641832 31.734660120405632 32.50283403886569 32.849721431772295 33.58880457032956 34.3535886018394 34.96400454423283 35.39759096839646 35.761104741212485 36.08006685618278 36.32210935013115 36.68879917026357 36.89399122891466 37.4321906041539 37.80786301881692 38.460080786546754 38.83356004131034 39.38436136048412 40.255278531757575 40.65918502141588 41.06842974396254 41.39534144517708 42.17823876718268 
42.710491271724095 43.398774389353065 43.97187894630502 44.29083543964489 44.65651623309352 45.02394504136808 45.513961980270146 46.10068568491164 46.3046956474966 47.05094900197084 47.35441135864039 47.581210717836704 48.18002999191047 48.71099188979523 48.94762136423153 49.24792861636501 49.95128169870869 50.525207904613495 
50.689801096161546 51.16160011071632 51.643971264939346 52.26571685980688 52.57570351113938 53.17957749181629 53.94877249298603 54.3019062923142 54.88131329095477 55.64612759940932 56.419739953951094 57.212576201892944 57.62645968041169 
57.7318266462484 58.61274794402334 59.140971201134136 59.501682121268445 59.68445324263311 60.06746105562883 
64.66531823096412 65.56093744057617 
66.36875084532429 66.68577752644696 67.31515501038524 67.6478965285263 68.4894216072956 68.92884644223683 
69.42055894947481 69.78582382163691 70.28540089884626 71.03752377735655 71.59771904841163 71.85688374695906 72.63638493733747 73.09096775964831 74.3430099757539 
74.57130506840011 75.30304413634116 75.55796505873744 76.27306249652663 
76.3081848184722 76.68820429602843 77.14642912450482 77.46192133976487 77.62995368270514 78.11698439866908 
78.13454555964187 78.53845226201592 
78.74918619368934 79.20665379187454 79.98377849437797 80.10751839255445 80.28886161758504 80.74764396984502 81.34108508609941 81.69981254977152 82.18610826250003 82.3871820699015 83.17459875883121 
84.59705279762682 85.38730504140214 
85.80877290474899 86.33367919731298 86.68683095338825 
86.9853706899256 87.31964646678537 87.50102054323702 87.89855106051043 
88.19709079704778 88.95860023383415 89.19807697249654 
89.25076045541489 89.60103421444221 90.55493852108263 90.95147549854225 91.01105065107471 91.57108390638194 92.12661329112302 92.95848352411771 93.50182386959276 93.94734245307544 94.20223666025838 94.48736731917353 94.90539697454481 95.26086547516927 96.44209860660746 97.6673186724859 97.9237208670815 98.29157564801467 98.67176504856252 98.84403625675824 99.40111149768474 
99.87553810384134 100.05882754905328 100.75986271283139 101.21800492832156 101.78455516433064 102.10256019349039 102.48716695146742 102.71744656079412 103.24273470082345 103.8952964879372 104.28926325877458 104.56110970471447 104.80407331007355 
104.96212375882862 105.38029479163322 105.74134968783291 105.9735606989399 106.15439767833539 106.34558080249816 106.68163573198582 107.19439639561068 108.22020491043165 108.76621450247546 109.39675158390337 109.66851489953505 
109.82656534829012 110.35469957182039 111.284055308013 112.0473412973822 112.3894311237106 112.90667817268618 
113.22277907019631 113.6447510930969 114.08093863652799 114.3849351269259 114.6428000460756 115.09846342771466 115.89242872452223 116.38907432261821 116.95322047236083 117.22633355823999 117.88785985932378 118.39115349074194 118.72632920939266 119.3589847691988 120.13505872627361 
120.25798685308311 120.72969971739175 121.30599618624451 121.76669093625863 122.25693035747382 122.7468296596551 123.28113949356504 124.03363646223194 
124.10388110612308 124.64593439671512 125.05357636479495 125.41451018914059 125.54680237867571 126.09200174356467 126.44780115489341 126.94699634522519 127.21220659830607 
127.51047131043634 128.08650227868796 128.84861170996308 129.3285141772533 130.05262177555198 130.2746580778381 130.73841565837066 131.31765593983656 132.1565346163971 132.42144293857152 132.79148646157466 133.25147913523628 
133.60270235469198 134.22802320247976 134.57229963997142 134.88790863375897 135.14646215907862 135.98902855676582 136.45830659621092 137.04489663349693 137.41834142494264 137.61193363245695 137.95185644552149 138.260200063832 138.77587612445856 139.4330077976567 
140.4216671145576 140.9784246200089 141.44842290111933 141.80102207349134 142.31073116331848 142.72221609414825 143.34480272639524 144.14364169236705 144.33553952108264 144.6890292309444 
148.9915136692768 149.49982713292988 149.9398163618072 
151.58158917266852 152.0362830643854 152.59677366843903 153.20220353805934 153.56600036259326 
153.6538061674572 153.848612442451 154.48344912787346 154.77090270251537 
155.42066565850843 155.77188887796413 
156.21091790228377 157.02736418514598 157.54971571447484 158.05854118592694 158.86310467895993 159.22718358996215 159.69015902304886 159.89713868492592 160.0994283404273 160.34948428171847 160.7758787940624 161.12454157743198 161.34812013828318 
162.57740140637813 163.01686806602686 163.75932497995402 
164.9710450870762 165.60117774786835 166.26375108343709 166.65219826793762 167.364327253106 167.79972287353888 168.29948604341504 168.75714300117616 169.03518006368256 169.33583993300758 169.7676541833678 170.22826038252265 170.7164887030896 170.91129514452098 171.1936808935466 171.38984152986959 171.5971900137202 172.07664841125575 172.4222857115922 172.67607370266637 172.9861731797065 173.517638016542 
173.58788266043314 174.08050643595695 174.53336333617364 175.34846152412177 176.09768123245811 176.32742377218764 
176.34498493316042 177.19854991557548 177.60938852320098 
179.94520630551426 180.45447997372503 
181.40278266625543 181.9120563344662 
183.93402382510828 184.38030999598445 184.76331216739501 185.33956450030644 185.8779518065954 186.55352135856515 187.55568759061586 188.5526091609508 
189.07944399013434 189.85223846532676 190.38128559852458 190.69411070823926 191.2745891117325 
192.78484895539202 193.38801146660722 193.81265806516998 194.44880761578443 194.75234879634888 195.18728596963285 195.79169873750567 196.36583398053938 
196.59412907318557 197.50166906917454 198.15707239976348 
199.61464876050465 199.9443030867321 200.80154144547853 201.17097911335298 202.1620662958029 202.42450313243228 202.6989449507519 203.87086142870965 204.20982562323516 204.52728496677315 204.89528651814965 205.3173814327999 205.70837161806114 
205.83129974487062 206.37458543838255 206.8718863252828 207.56914094664677 208.00673682147075 208.55686902071716 208.72115500845507 209.23374984743805 209.50670688713936 209.88208287910288 210.28481287426942 210.50256856363148 
222.7284206924743 223.03691564884772 223.38361581667996 223.7050852981555 224.0740965013561 224.609029410632 224.97885722539402 225.32614725812252 225.81376260664794 226.41002293263804 226.76066826499746 227.25536343414896 227.74269804449173 228.63688563505005 229.0899079338435 229.39285983560822 229.68264043769722 
229.7177627596428 230.175868733604 230.40657896152092 231.13631631177526 231.5069455443434 231.99415930832663 232.3753036138084 232.6145142321159 232.9709518939145 233.33217194860543 234.15357983662878 234.59617782662565 234.9004327794293 235.40526424985973 236.3198633311773 236.67705236989917 237.71400607758292 238.09443654366137 
244.9280703238724 245.3305493478599 245.52586394332963 246.12293395912366 246.65460904934938 247.5845580936537 247.8546903755919 248.09798794565467 248.37229785230087 248.64667533625885 249.087762730047 249.44406817679229 249.86819520744467 250.08088398648212 250.42866456260114 251.78479180488273 252.18082980563275 
255.0191036544567 255.3468000656455 256.3345393084891 257.1014411659808 257.484430507512 257.89160040248765 258.09518312337235 258.54889005977947 258.8603051205784 259.2410167125821 260.1996461414284 
260.6601619532935 261.4504141970688 
262.15286063598023 262.4923946778249 262.77142689660036 
266.9466910711692 267.5086482222983 
269.2823254805497 269.6104904810177 270.2122581594006 270.607951547593 271.0101445572733 271.38237472472883 271.8538309526128 272.3650950229079 272.8970003065087 273.46634125974657 274.86421545275255 275.4910893859572 276.24241872159496 276.8085018756117 277.4063489800395 277.63136210040136 277.99186398274946 278.2404968367805 278.589740796126 
278.67754660098996 279.32311245720126 279.6587875230183 280.23970741547214 281.016205648395 281.41363393067024 281.72055910012375 282.0514998960128 282.769297107649 
282.83263233286556 283.3523901686052 283.72928500587886 284.3608052414502 284.84146595236575 285.24322322788265 285.8194485519475 285.99515510550214 286.4108710576651 286.5303311476327 286.9953581620676 287.27252559598105 287.6876393674955 288.28889426971176 289.55855698544246 
289.89221904392537 290.30497816572546 290.78519312563867 291.2642019325467 291.5753639479867 292.4725967360214 292.9517223526382 293.1563061889039 293.4911028298119 294.0971192813091 294.65930309262154 295.19119729394896 296.3497163250919 296.83353624014615 297.3591090457057 297.48450924441875 297.98016670798717 298.27909756330615 298.73481854859904 298.9993889893068 299.9722117544581 300.19743791570943 300.4505941809814 300.8370379740083 301.1840455494265 
303.32248991005935 303.6859953416794 304.2011638134107 304.35788101179764 304.89579297531253 305.49227803523377 305.67413825466343 306.28026637945015 306.76918534173535 307.0728398238705 307.4696168227055 307.8146810412549 308.56284834971467 
309.03699969552156 310.31256541928207 310.99745688780024 311.6494752607412 312.6338954308122 312.8605328112605 313.65852702434995 313.9815610631494 314.3053479822644 
314.32290914322016 314.5353065571603 314.9024274547619 
315.07803906431997 315.55207038394224 315.92097479019884 
315.97365827306623 316.398793359537 317.37101171760156 317.57848824741404 318.41852957915654 318.74832170408416 
318.83612750886317 319.28222256278553 319.67906323474205 
320.9259056626045 321.24200655980906
321.2595677207649 321.6283521008369 
322.2078704123786 322.86370258242886 322.9877995906028 323.40202935737364 
324.6313106242803 324.89058332073887 325.36129378442246 325.8079084083195
