50.42116211662249 631.5110401757643 0.666775513660796
49.675167542899736 61.12450478667215 0.4820655749817062
47.068111526713444 1237.8888420724493 0.7477642964182971

43.70920256119279 200.92948813332941 0.5092736682107697

53.77985183549876 117.5631982214808 0.5965863109333487
48.94973082570994 124.26124930075753 0.2900266986439064
44.69258528287321 260.8420324801297 0.199223729563343
47.160390627237675 119.9409143998804 0.2718044393369432
49.08061534492165 672.5317847884885 0.21569526756576707
49.87682312715095 58.7777684960943 0.2777820398227604
52.08820495363252 86.97670588788877 0.4531238985635113
47.75668641980285 768.9554074806965 0.3889698600879985
47.56574414703178 96.7531870776689 0.40405258731624016
52.54443377333809 92.71480140285709 0.40787457111609626

59.7434711646023 1130.2544393173919 0.35395676278221444
48.73425623630469 163.04963025056367 0.6536502950755647
42.026205547066816 91.5264404544061 0.39572489641065545
43.26776501546266 125.35835370412735 0.46829655538933146
56.22800183213343 165.6467607256588 0.6923009923688692

48.623910998627444 107.61239253465813 0.7375687608569788

51.30711869500329 119.44979443616535 0.5523569274196838
50.958624492299364 104.44995996849309 0.2633774983604411
50.94674881055524 470.06022545457716 0.3037735047396737
49.20608022035363 102.76149324150377 0.3474209042392715
47.96376998902681 450.79860224643204 0.31012056294608925
47.913278278367066 215.12456579213804 0.277240121954371
47.77225972177925 144.83045906689185 0.4444886780617807
49.872503948129804 117.55050733964725 0.7421853990829703

55.4620771545557 127.58195440825925 0.7459962715909363
50.64890581329251 110.25185663613402 0.26130631465184706
50.144187970070455 79.60726779848599 0.5331212940118348
48.57910984916707 56.8419372837504 0.42803335200292025
48.35973002320721 105.26897444495353 0.27101425709424376
47.31009331951947 556.5898762602416 0.551498103253202
49.24917575353581 131.50276934145657 0.813846217345322
53.447732833062275 489.11671804215655 0.29723904432690773
52.15660943955693 107.95031053502979 0.43223720830430423
50.439705401437976 96.52894987532275 0.16528081643413373
51.7779549715532 100.69217672637873 0.8738673542495477

57.85256699445493 127.0812674249921 0.29683390255557995
52.567827858334766 132.59858750096168 0.47999669391411715
53.41073951795153 126.25036411899183 0.448282054572541
51.685552144609964 112.99137317971258 1.3616901439873104
52.803252564742756 169.98543183655968 0.7681739184600609
51.5513403185255 202.51306166393218 0.3468873929066021
58.088641635686535 165.6530474434053 0.7390831385572625
52.91890949443443 126.69806229087122 0.7647840315098406
52.07429436373348 124.27982879860022 0.6104159423934306
55.01401737805777 119.27439079788236 0.4335864241636287
55.610565940634686 106.95775418675142 0.36351377281602737
55.19230080730291 100.80174120586632 0.31896211497029725
53.7231126884535 102.54533185651627 0.24204249394836808
54.98750409361517 120.21063670484108 0.3666898201324216
53.60336526369209 117.39343201851953 0.20519205865108603
53.97344204911706 117.08534375103504 0.5381993752392447
52.61302419956558 108.12029763230571 0.3756724146630148
50.261487470210284 101.53541969614538 0.6522177677298373
50.85559663602231 128.1129976556883 0.3734792547635877
56.382777183960776 116.09494478513777 0.5508013191737788
50.017775666190104 122.06765766642232 0.8709171712734545
44.789564745160334 27.16106028259606 0.4039064896583042
53.108614487857935 140.2650737306444 0.40924472254666
58.4423662908046 131.77986716214102 0.3269117012145415
48.780060583709705 102.18294393398101 0.7828973220055957

58.551898174730134 123.4513083616352 0.6882831176289699
57.71801959569647 126.91397320165913 0.5731045569519537
54.42409929733172 116.49970710033769 0.31895649333986853
53.35301554667552 113.65708710538574 0.36568079344863236
49.72920909254714 101.36209581822877 0.3674288082745605
53.15707690738264 117.39341192646897 0.4900169389020661
46.526647032593466 491.7117523075308 0.5867237046414928
41.47177676876204 419.4815633507411 0.20400996258496207
58.53016132546825 136.47308280840784 0.7462533544742414
56.974762109674494 127.57184027074733 0.3034623566695487
54.198596704123275 113.80375780199788 0.22679935919631333
53.8389893419758 106.2854272904792 0.5988192740737688
49.24686267707465 51.42471507723338 0.5309618978847581
42.16951317231144 132.07786640617755 0.2366294744362989
42.17911841973996 699.8683997586504 0.30030725213347864
52.661624850242056 106.10673887036423 0.703353082343682
55.9546951632606 99.38879481552027 0.5739262059048045

59.587258446258424 128.2080683350596 0.4717990145547759
57.347505435737155 112.75747764823367 0.48237115422302423
53.166906567571544 121.66877618919891 0.6217455948675337
47.754054428812374 126.12936880602912 0.30998665133250114
53.620187689314115 112.5470461975938 0.6038739806769087
55.57481812198602 108.53818669617286 0.7691950011697415
54.49731137636614 90.47548077212414 0.3531337993281696
54.42505120758941 191.39851279582828 0.5794069986405717
51.284559437846575 101.56520097082887 0.7648143084545467
47.22105975482177 570.484570255517 0.7736123545417755
42.52262411699292 148.06743939694536 0.7928362479418496
45.80405759983008 72.8384413209242 0.4138834785187484

52.23778223307153 153.2977245631891 0.8809212977749397
44.137371212625 62.92368063591666 0.5282232571107954
48.951769126973815 55.18717398106809 0.3607109201343093
46.954098731142984 109.78607512100695 0.18277112136466656
47.27424429167909 321.0152327165563 0.3830078129957215

59.78778801121862 132.58464435461642 0.8956192096120503

52.32049891028056 56.40165436017591 0.31702668112266963
57.21228645229301 142.32205414497366 0.6293774839382849
45.386486378089614 548.7866039622743 0.3327415181410629
50.916148482195354 634.3719183887009 0.841525078769294
46.527478340130436 470.63775191309963 0.4394248349412351

50.57852350143523 54.65020238168513 0.3652648721621006
51.31692411773748 239.14661703746214 0.4995770772093522
47.50739392165213 140.29344216109172 0.752122878510292
46.43267937423962 518.3629568252534 0.560195271055079
48.40389702325193 502.1843833736901 0.25916469854742274
49.54718441301221 1743.598289629114 0.7795011903784115
47.829206862297404 61.40678320010413 0.45458282231084013
55.175035460587324 110.44538661706765 1.2520422161055933

58.350905418611944 125.59169356733338 0.7317390679410494
53.461605281260354 55.598794568052895 0.2549209223962805
52.048753591643255 109.8553309595704 0.715097437789197

56.23917308613595 142.64363156372053 0.3800194775562318
53.34279163985013 365.09056200957286 0.45822482847638923
61.74537247155446 167.78564440791754 0.31549221526005056
59.11806121209694 121.82593246061265 0.1680323429402648
60.5922037183574 148.36437966941062 0.48703071596393954

55.37982296715035 123.08572633784868 0.40390670237405857

53.38672645006782 115.49933873723388 0.4574675981852039
49.621881046441 111.6462444544628 0.7771247025034285
41.55546441295703 489.15846413170084 0.12373989817648123
41.785212187911036 598.6646614876778 0.18134322503058797
53.50080022451581 137.82337992488397 0.45878235225997344
59.219038865362535 153.41140655597172 0.5934411162543967
54.74029111101786 143.05185426862258 0.3587274636721105
59.183176341172825 134.22297320654235 0.4862957127285057
57.468163611086595 131.5925233321849 0.20107380740147107
50.347561724106356 126.13410263460116 0.7874166889297101

56.43252056629559 127.02361523690664 0.7902522437753277

53.37271272948129 127.4196388548307 0.5249062925639834
48.92914045050143 656.7806342268143 0.3531517560752775

50.3847596802898 123.91049538720004 0.3342757768597693
53.07052104222707 104.00681532177482 0.18137407645164672
50.06870661061734 96.1071207032927 0.3975305172734096

57.9169623160952 128.7847874330219 0.7615094367863691
50.56142917419697 481.5699757533215 0.23947673866238972

55.6120585819067 174.71889160559232 0.35027375902731706
56.388531927173055 136.3564084869041 0.9539043066404247
49.21437281818437 568.1134618301976 0.39653697745961836
47.01639767171434 299.55326926407315 0.05957515253246015
58.270263322923235 155.8823503437034 0.560033255307232
59.31476355804502 134.2486152280866 0.555529384741078
52.309229392905586 292.98468667923635 0.8318702329946888
42.6171655782487 198.86441074557132 0.5433403454750447
51.33694626068504 117.03176114117556 0.4455185834826807
55.26184941995683 116.68333223582934 0.254894207182943
54.7314496098963 116.74768325178182 0.28513065891515055
55.31389663071218 115.07125908264709 0.418029655371285
52.11919798324122 121.42911485788098 0.355468500624454
53.03403629268638 130.6648419000297 1.1812331314381908
54.12077888290975 118.32739522847574 1.225220065878446
52.25147182610956 105.1676429615242 0.2564021945955943
53.04398658188657 106.35387113532157 0.3678547809331718
55.33295325813818 99.71726651683704 0.3801894005478488
54.47079908054196 395.46483666805517 0.17227120819572406
51.66292041027152 180.94457747224587 0.5570752409264941

63.997742154732556 155.51165403768732 0.18328944521194046
62.22061090800988 152.76337426691694 0.7010351637781156
59.79745915229485 616.758128825078 0.4581422154901702
61.76132773455741 182.9431050391708 0.5665502360090784
57.05627941966549 106.99653945390317 0.3180050291597496
57.3709611656899 139.33105021022953 0.3846067579770249
60.59640581249769 171.658563758179 0.23027960932670055
59.130661966973626 141.80678077579003 0.5252881400293319
53.30957758134823 108.37879454016225 0.6525617871137541
50.74199331830151 296.211081944108 0.3939667708373804
50.21773261117054 356.5587829831202 0.27184644593988594
52.29565809544313 265.9347727429769 0.2429636053590798

61.97893704065628 242.35404733978973 0.4181710328045938
63.13081247991252 160.31361529192776 0.3610548961996898
59.853680488661645 137.01847398657574 0.2322110111069975
56.87685613133398 118.6677147351972 0.1808369793954796
55.39211212528859 114.47668412481345 0.1911831241627766
54.26747384846514 87.4719730385185 0.33605492948765914
51.8006053707457 75.01592582188845 0.5127606636248601
54.976436875875095 115.24123845736912 1.025808514820966
57.234742805521165 144.55250030790654 0.5460095920438164
57.59137142185744 135.63474288334075 0.630537081427903
45.02945943746852 29.93355358325125 0.2717633156316879

46.282363974341905 108.5447229341163 0.5281342235302731
53.0444416706284 145.58781639836468 0.9293557361926048
53.82769841641733 160.30158131265742 0.7632859893692086
55.07353839055744 127.18250889464937 0.34208982632839025
50.17515057728059 465.1300514114516 0.5172470489755909

60.585188535938045 169.01337343480392 0.4219720229005901
61.957381547577796 149.98943074277923 0.4361875434310889
57.668052998062315 115.5812297246802 0.3039964903979069
52.269975426050216 107.6165184153314 0.25786491914971066
46.07070279037249 638.6009026844459 0.45566338163905584
55.390043206772084 143.41510611089547 0.7939652968075706
57.78752222947589 128.73233756686332 0.49664559809598074
52.10775394432916 112.01852607880836 0.5641461497426121
50.97150587867621 504.9279107654356 0.27311308587916017
56.162623076994 240.66671749803905 0.6615263010837964
51.532936495512466 101.12299300241172 0.5032936314181598
47.83453551105924 111.07278860913466 0.33517571865071716
52.25388029872589 114.30620221713198 0.632655559806139
46.973754772312354 77.2029550206392 0.7760739570748143

56.256785275076126 127.905103791076 0.47171286430864257
54.24894891367277 129.8159488577538 0.5762964688527603
58.44116187312398 476.4556654006287 0.4606947500141132
60.763606182781196 166.4679517365498 0.49023942121519326
66.43303149918914 161.46582123536314 0.48989930218128563
64.61300809739095 142.12710865015157 0.5343098339099299
60.327506059987094 194.83485380899458 0.7524969686669039

56.155368804654096 122.63033301540577 0.5420532905920368
52.48476969114802 238.73211887063223 0.40764196807982955
54.17495246014915 122.7855351423782 0.36093382434563637
53.78392167363295 139.68697797777997 0.13229218953512145
56.158879803424135 132.21122369383423 0.5451993648889584
51.59109342264589 630.7857496360891 0.3557994113287464
48.16936696317482 56.0085812604948 0.4991951903317755
45.2029850513386 685.1305775252438 0.2652102530808804

56.935867079152835 172.4071630289561 0.5760309682516152
59.8308977823384 311.4513325955251 0.7621094312751211
55.877911394931346 370.8148981576185 0.47990246729023056
62.34310707144415 179.69086998578916 0.7241075982986729
62.57516591320685 131.901369922762 0.2220363022861136
61.181184879439385 133.29269827348125 0.4637575805325582
52.51794012494127 127.91161054584299 0.5792402814658999
51.92340610543437 312.40604534508014 0.8388786765605403
54.7104916167112 116.81692988734592 0.2649083221744206
54.396739431160995 116.58883026251897 0.37004352300314736
49.588887268498404 131.85632701683235 0.4599926736616169

52.11999883395498 64.64894623320728 0.6253208477877763
53.60328634078503 123.84518355093427 0.3442764374916578
53.11236886524104 643.8429280494003 0.31560899378754925
51.18776956123976 118.16263684456887 0.25855352531965536
54.243266591906796 123.5101654903458 0.8425663976871931
55.94512569347088 128.89496718014695 0.4692780394451006
58.86185737199397 126.93589054237502 0.5865900372860153
55.6577399484627 122.13950932969817 0.3734447914457064
53.286216867872504 120.1925339418777 0.19359220751431394
53.14654832112704 117.98352678734682 0.33992281306453265
51.83632221158079 122.41417636976149 0.3083436183105164
51.30090526290851 104.47198145330812 0.5156760606265607
46.66218354713037 119.51728976349905 0.6571316731981369

54.63159476871853 170.4869109728779 0.5567575054512872
59.465900484521235 123.39507861611034 0.46999828111043485
52.10288976242876 105.98536630503939 0.35259917237200966
53.12094840198553 136.87474405528334 0.5097090898271404
50.909244318221454 138.358276275435 0.4114849308297721
56.19522990612943 143.69560882223473 0.6225866322469926
61.604779800864364 125.50395395805226 0.7988389659718109
51.356513989250324 100.46358808267519 0.19189782871558236
50.70095458132332 75.00561551601825 0.3534897098617762

44.3430867532751 177.13315871566198 0.5083134636530815
43.746645229529506 220.65696349590766 0.43998922887732306

56.72478467251781 119.80599806793124 0.4546938917168859
50.511891433677214 109.4694272984457 0.5604906040536264
44.49595822188705 1533.353049792505 0.6054298696203091
42.943351526344834 561.1705492286486 0.3637968245339209

57.39737039546014 135.361487397469 0.19480627499382308
59.42571489860706 126.19848503446882 0.6348366854224423
52.03105394725729 297.61318890435837 0.28745357464191557

49.49112655469555 695.9912303597106 0.35122321945570434

65.8224326051667 164.40174031382864 0.8164462828622163
57.71575775948472 117.51744475267083 0.5223515293288585
52.42093997498819 149.7332661417559 0.5088254714520986
59.403760349771204 170.68579388448788 0.8045634930329868
57.12771949492816 137.5920377676973 0.364078911002224
53.769224341507105 132.6206728233213 0.4629754330867115
52.739890496877315 101.15318254955635 0.20697966187705674
54.54368613663346 106.50669477414534 0.20228965550137445
54.78778830315308 139.2601238954335 0.2500559412911798
52.848078063836766 296.9185218137746 0.4263945123439328
49.52169510017568 145.0813242745815 0.34866278336957635
48.83244513426261 311.5248160123677 0.22357856085119465

53.63457721863573 134.04049269019495 0.4394666596487298
57.7535720938608 149.0332646111935 0.7424569139271569

54.52273118449264 135.34488611902592 0.6301326607921567
58.35535769255648 140.93579130388116 0.6625733355687373
53.687962361202224 116.66545606436611 0.38844718450053506
53.28722051620982 85.59678904472831 0.7121289851683912
50.763819399658345 112.80094472179537 0.43539562043287106
51.24145359699584 118.82667988779052 0.4997631698761609
50.034748678507206 79.74110722553932 0.4576569577611167
46.8765330330496 59.35429459982727 0.2780370625063995
48.663346155990105 399.8414722179292 0.30065986932501687
47.88072427441579 55.231776514862254 0.4318142503602189
42.98163443242585 420.16316949751297 0.4606061991548529
52.425848512000954 118.06321757522926 0.48822832056694665
53.75266091981433 107.46165307352102 0.19480644143138193
51.8545940747062 97.36316812230389 0.28238574902562164
50.243995407895646 100.05924228123436 0.1961606363229862
52.38174433463231 1586.026376189928 0.207348483850609
58.637694135850836 126.15201271409387 0.4794583975355522
53.31867492661226 100.76286867126075 0.345637300336449
52.23995103929211 805.7568522128033 0.2537879910741765
52.11847275472565 686.9642346546382 0.31009947704012575
50.3429179848151 196.61286168213107 0.5314648368355108

57.26198493484427 124.8793266264698 0.49262377552381054
58.03052602920639 138.11674387246157 0.45285690021668756
50.65776100652255 64.42054461050029 0.8150981879481378
55.980441134904076 151.24777426975442 0.7492197083363408
58.29436544365389 155.28246692614155 0.22974253972952852

63.84672553054753 155.03122975647037 0.8535649824150653
58.91316954558209 247.18174982965996 0.41083860762549307

52.03407680909499 158.76667065596894 0.509273668210767

53.12114843989214 436.6345027274414 0.509273668210767

63.19728442394997 213.4045484267262 0.4462861708761636
62.28211646388742 176.34626270916576 0.3830021714105669
56.07193665618717 130.99035263374927 0.5762523329114231
54.87087187986177 173.01112716824778 0.5383873062889677
56.11024285264639 126.81549380382573 0.675569551969744
54.88936241365606 124.6100404875037 1.0021662320507119
51.93782978604569 96.80449311847244 0.9969215703349335

46.953469914854665 61.50063086695541 0.7727944751924269
55.61808996623476 178.1555235803904 0.529047133197821
57.702847875983615 124.16169841303277 0.31282510971468014
50.359198562072535 116.60838253306056 0.5804784034932311

48.796721929339135 952.6246507692009 0.6031625112152028
55.30296617048738 202.76253858883962 0.42464659856275944
58.17196797704972 133.77944452416116 0.6361495506144479
54.31414763015973 111.6630691138773 0.30354118056445145
47.99923190781214 59.149192080562614 0.43493717328396997
52.775634091692936 105.90193680295336 0.604412767872816
47.20235608468042 117.37859324536292 0.5741352430337088

62.73866692287887 146.61588118777155 0.9075399959889694
52.29452443456906 155.62171056924402 0.6554033305889391

56.53034242659664 274.02511141835976 0.3296543262274554
53.2737549824028 156.89102959430332 0.8572383587464287
49.47548223609727 1699.240870756875 0.3694376678744504
54.72122268109846 157.0099185637604 0.9910871824499168
49.93286606234927 119.5210144539007 0.26243683662937656
55.825837959526325 127.96766104046284 0.274441818319616
59.267649987564766 138.90914298720688 1.1719164779577511
51.68054737733557 107.99320173886056 0.3389641945255164
52.22428643617966 153.4586955349355 0.31745934353799043
53.429125349887144 115.45252900792295 0.36800155137649426
49.900886616722616 227.9805054605522 0.42209491465024485
48.776468526375666 1588.8616547306367 0.39099018526124496

49.41226239642718 145.1064650467279 0.5432856935119332
54.27705893417033 129.41322063112668 0.4973008869002342
50.05582424139684 75.70014489945085 0.6972546213639816
46.1216947245495 37.27502765379342 0.4375958748239839
41.88440685843346 487.2609584924467 0.5501321992464057
40.98028158351215 393.90643850464215 0.16428598773791236
44.29992973529363 113.92089267753087 0.5125948389829773
48.113046346840626 144.853722193019 0.2729570397013106
48.91374890798602 151.10565860616003 0.3753759919635229
47.58896218967182 41.88887530713836 0.4027299951665384
46.695040073254845 117.43762071472025 0.21775568936206469

60.750081797936055 145.4778222308869 0.30849495637343693
56.578240191475224 113.67701486690393 0.346700167832239
53.294095090398244 123.07709888829362 0.3214694814755319
57.387053868853606 351.5815200787403 0.3690112032006141
57.23678259872591 127.676461953312 0.5349329092758808
54.01652990238888 111.986920976982 0.36982781476203286
51.9623697120385 104.99105719500027 0.3472900327284947
49.08190454998569 76.18073736996956 0.48761534852542354
48.772507964107625 271.76865288183245 0.5962603259901016
49.33874989183371 718.573181577193 0.3506453323594201
52.67327927794023 108.96073003227689 0.49469516915149825
50.506642766498814 105.3900027165953 0.4873346103427707
53.314821658386094 117.20193040327854 0.8941875905583174
51.926286928560074 97.14120606502885 0.45302229879345646
52.5628520139808 108.017258608604 0.30295190176471465
51.61889913864852 108.52402232037689 0.2897806020889959

55.714856629488565 159.36421805395412 0.4581059739612101
58.31437605154098 327.34285346771395 0.23071022791691576
55.84267558125657 127.58812350074459 0.7297373502543394
42.80821593506106 549.2391086043708 0.37062923256814884
47.80944613474054 56.99700631194419 0.48721376398322036
52.44637184469957 55.815214536898225 0.3811443054817687
50.69319832802569 540.5414342250824 0.23921061830751
49.09022001950515 54.40142068431832 0.35643766179859426
47.539528108999775 618.0092185745278 0.3612200546909321
51.48356091212451 110.75548178715663 0.8214078880233444
48.30760660578654 154.96220829986322 0.4425979899968695
42.99922643208597 78.01871912600878 0.3042549528036602
44.70665204886319 145.59208566425062 0.5048314704304175
49.92086438117738 115.0392256317082 0.9145990813175615
44.34045445353186 702.1661445099231 0.35718903872188434
49.354332110721245 75.74377311524383 1.0369537076837503
45.29126219047959 189.08391859341728 0.380430466078451

53.91295538366958 262.71880684734117 0.402479023987496
54.60507711776159 114.84055473159948 0.19531459546973906
53.55703383241373 122.57435757570092 0.5970700157940314
49.920520678496494 122.74946268075041 0.5316750902257184
51.75764927662608 193.08693748067495 0.9299490443043226
47.9448815537902 104.03049512765178 0.2701322819382028
49.00308605816065 58.8544170548364 0.2432975700627651
49.13207589549159 109.67119736918468 0.27430990664620936
47.85887412466904 104.0723119524666 0.2743774839579771
48.58400197018876 111.97714579480193 0.44108739378813766
48.69141293033938 188.91803640861 0.35630544674529574
47.845358329173784 350.6462396151239 0.4241270306523859
47.20468915586778 1354.9905006889019 0.21268877903744965
47.57878833220114 601.3834705306444 0.34778057611902113
53.53110860157907 123.97099712439795 1.3561272422815875
46.393125090311436 221.67337194968718 0.3960380007500248

51.27542888556108 428.1586968408146 0.32769641118881054
55.750842253564564 162.26678749369307 0.9877392428436167
48.75832014242414 64.39015499921916 0.766901857491689
47.97694154324849 131.8439295660229 0.3829893415311858
50.65981792083239 94.07477035201215 0.40716989497565237
49.14236375868379 123.71440732658267 0.20358272088469676
50.37270471735198 122.98275075097266 0.4537069364071158
48.882635215665836 1976.2657437905782 0.3114150607989359
49.93602128714037 125.42226554433967 0.3807115920037063
47.41281766731495 127.13049216033409 0.9586294288462796

48.53329700625077 127.07588640136342 0.7902522437753419

51.47179392744649 119.10254912083822 0.3395340418446722
47.941614530358656 128.530276250857 0.2790322187754555

48.76374095141239 132.3719040410086 0.5619571511290928

50.15351534695565 94.74809223666313 0.32816500046800456
49.34447768607609 118.53009699595395 0.6017676783829415
45.77944767181575 142.2227324684271 0.39569338819239874
56.706277988757336 142.05430660227788 0.4021930096802748
60.361260925208946 143.20251873186908 0.37223016745554105
61.07893612804933 141.32861453265855 0.47145622788394803
58.06999630670491 125.69748518969634 0.5112640702951126
52.7126220364954 112.06334201494865 0.5319052836007927
51.47990620510669 118.40490020233025 0.5693409532378837
48.30620375242663 61.552801233824084 1.3978741930059755
44.78738403090821 202.2172014250286 0.6268739332046494
54.60584178095618 118.28628222480165 0.751329335637763
49.673586906492275 79.74903038191131 0.5660831540167237
49.97871795153732 118.42869282460012 0.5978471044278422
51.07996980994184 108.77228252235034 0.22501312036183663
51.0680480570951 75.6765148123466 0.3605018823481032
49.61074730093083 51.767216900717116 0.24863285403102964
51.88756561343589 97.91993714341103 0.34924395934552876

49.67731919419335 100.16912071999906 0.6455658562113058
49.40399847886895 89.39527365009849 0.33567506581704265
48.886467564884875 51.15087419700251 0.580919892453835
46.980194131214944 525.7520829159853 0.7764982329228474
45.408185445903 87.14308566813607 0.39742828227525706
48.7102462796663 621.0692222482375 0.3069251694535069
47.75480218563819 78.20711721591499 0.3309407958890347
50.87062121155202 127.08351855346415 0.7177972116361957

49.91008995613545 121.17350438248748 0.5197578357396537
54.37273557804016 114.81579012230932 0.37689483727365314
55.81447133761157 133.00059267868 0.6315202355713154
51.46609210675024 118.3198464063762 0.48066071091557205
49.8525696920983 108.60347619539023 0.4017572755168999
50.18139032346566 119.84208157385285 0.5762253240648647
49.27725879205763 97.4326203205128 0.17570655355461895
46.88601748989112 523.4288375763786 0.415715952162941
42.7503020665067 23.076345072446724 0.11946008996761748
48.60626542109587 1006.6332737636166 0.46502701443489514
50.41052658382735 252.30694814211668 0.277167433913462
53.062654083367484 131.14877184309907 0.4151137715144273
49.930727553693174 115.80482639848911 0.601254902216283
49.26221938514788 98.24806873494288 1.2696627157307034

52.631636644397325 123.24731482975376 0.412759121800093
55.95937882157828 108.8250634771064 0.48021495991321217
55.35729302446298 128.63643864498567 0.47900880690804115
55.164419739358046 118.49360904716136 0.3111620154400043
48.44699855107242 116.26634760986873 0.8972327880346711
47.64194202031225 364.1326217774004 0.47912561661684094
52.445401545204 114.68418193809529 0.20458383626566956
51.98545424828271 115.02808206096648 0.3347966409079959
52.06734567699111 99.25564024983892 0.6060164514972257
51.67447069232103 100.61625760619032 0.5621838113124227
52.799305606889725 106.33480672638103 0.5318942013274182
60.10294768578832 141.33086200604149 1.15851903114293
61.61250783018097 142.9908965036714 0.48381991505425503
56.935896759793444 179.26134516078238 0.5255728055595341
50.659159972701985 1367.4020841073166 0.1254001987130664
53.08954801619849 144.72717977268843 0.49565746356842055
53.451393635045704 90.47768915212038 0.2989308553189858
51.02253066342194 97.03808709388781 0.45572098529288496
46.25958938574921 346.77140650547574 0.26457044070775737
51.40058037985516 179.05264984603755 0.9728227651513066
48.27253624974362 57.25603777072502 0.225226161251328
48.922044681564905 54.453447614423304 0.25315626527196855
49.28724743903969 79.64889402156889 0.38644379302689913
47.455359294356874 112.73994496145731 0.3470075754182176

48.90820184140779 52.298070881054706 0.36350543162006943
61.90281701807652 150.80776506779736 0.5151684717312719
60.9455544368935 148.16907248247048 0.15671719838695708
57.86271969048478 133.7908463594269 0.5379119635148868
58.01282778437851 132.5050682268599 0.5964850599212355
54.801570914670805 126.39761347469077 0.1818602194296659
55.612855619419555 124.1270448722451 0.6061281247867214
49.19511851339543 118.22672651023753 0.48891896228519727
46.57855218569948 114.34079867138021 0.3036544821351299
50.917355228945205 740.654260665193 0.3967769988350369
50.33342198237088 101.12643484438266 0.3450642185493962
52.96704140289187 140.86350064762254 0.748167308459756

57.59822073383065 150.39207699545372 1.2755657237605078
47.1555406978519 113.04232582938437 0.684891468518174
56.7188592926988 128.11457384104227 0.6520183729409723
58.33957745234131 125.70200185942426 0.9844201700709618
51.0017714413478 113.03913589786163 0.2266373804483237
50.11225480245529 131.73370689327865 0.7979942130894528
49.13364548213716 89.28377574738245 0.3230340387994488
52.53218037090522 65.09232008323878 0.3237869191149798

58.11379342172118 117.8745310753249 0.21239741394015255
62.834520438538235 156.59320826653376 0.3671208976015805

61.88132827608064 140.07426573516761 0.4740313196222701
53.94416469193971 113.85877581584546 0.36890440625660403

53.23943012554931 138.7746549565033 0.4251350864707888
55.83669128191771 148.40206779226475 0.9722183580645378
52.756056090229755 602.4578763639916 0.20747652981248166
51.02557630800212 139.47875157910966 0.8400413317424977
44.02756572701477 241.2356913294298 0.32979212492762144

54.612963886244835 100.56520289718706 0.44609505392236315
46.47088380971935 655.8171892108796 0.39684067195651096

51.6227086521569 152.31701587111903 0.31610089720453516

48.15488916940495 151.00225230997623 0.3687843800719861

50.946586994964825 117.79843640955873 0.6558321700502461
49.87128088737956 168.16545128976622 0.12409700817391922
49.01864862634971 760.5762482247502 0.414229766770859

46.607368861775456 251.58434799972076 0.25927269645859496
56.29731180623072 148.54268968327955 0.47071046368358793
58.71669858907841 122.94895528467237 0.4466146238970623


