52.65976235599166 128.6721716333067 0.4660357843596401
50.18873080462653 199.4500847903875 0.7151494574063539
43.242063609970316 225.88329823444766 0.1953259230362283
49.269832249296805 121.0342642133667 0.44028765686839044
52.50822114493084 113.81169292665048 0.3770044958231713
49.898968693179306 90.6124331537763 0.2038492318436136
49.18154723040243 57.539465256922206 0.535061333117727

54.58912588968206 121.23466295609843 0.5150893077282515
54.138668176898086 106.79108732645075 0.7434459682074639
53.51998776088357 580.8204531284737 0.4260912007907329
54.018289233621694 92.10304298867388 0.21821770444311994
53.64491449908654 61.97112055256289 0.22477773688961022
56.852137819324085 103.8082091488857 0.25879186606381843
61.19653670128436 137.2834249719673 0.35767715965617874
59.35917324590974 376.5748947820253 0.5813446666805344
58.28833917075112 113.08064446359181 0.8426721637507768
55.23936195140691 64.78107015122832 0.22875987635721273
55.793676630901984 61.837457713392396 0.29668276753133505
51.13155539676672 98.57473323459176 0.64504251762766

51.35336265705387 134.60747627687093 0.48161417591676425
50.65740200855755 641.9587476956862 0.40794509663654566
50.663531747581935 129.64159978517844 0.3447057415415049

53.77963651192446 130.1495223959997 0.5677795238143446
46.12015047367583 342.66253577276905 0.4045822866453008
49.51927787103405 88.43617093479259 0.930746424573826
48.2105783809196 530.8665479728859 0.7514507020296968
43.648798221141526 119.6642141929976 0.348399589283094

50.98174660821088 156.40959157650843 0.24146596337579496

56.36924903249192 119.81990295794735 0.37317467067168764

63.99313627416799 147.51561093493117 0.6173386751180559
59.91829855464708 209.0244143582453 0.5727866975692848
54.085633065728125 115.92311741115323 0.19063926461554104
53.68519708139106 118.49401049806052 0.606069961351352

55.11456144609157 126.03488809790962 0.3531092603184405
58.8666786145892 144.98461650545303 0.26641884332610033
52.323892507069665 111.79045334537437 1.060249255676048
50.34230241574566 162.2413221061591 1.1475695572978282

53.00377812121407 120.8579264867665 0.3853079705446447
55.57687186188547 116.67499634844728 0.27608232784243114
55.23238974226685 130.88175743358175 0.31759451190350063
54.172066582051286 97.85361113207797 0.5056322559937385
52.61651329681552 77.90761617432506 0.5739172522836284
49.87488401097055 151.84280527063268 0.4805721425442968
50.336815280316586 139.15231772891573 0.8161722318918052
44.80071271551943 227.53450484178697 0.5301905989736895

54.71859320644535 114.47081544100367 0.6246721244410551
51.53348247165451 104.01448284253955 0.5169531840986892
49.041978616944135 71.99694628143972 0.4375690310087279
53.30716025747624 129.83306739546194 0.5204236877326665
51.8892126533454 91.68755366692797 0.5886937393151257
48.304679816852335 399.7165077100787 0.25130111130220456
48.57338134935701 376.88653736817656 0.42452486066076744
53.63266638382704 463.0395282287298 0.7100516071269212

54.823360852399446 139.20712216520357 1.0021784771556028
51.91617070974943 52.60237277308173 0.44623857085160523
49.03404408280676 111.57235199081806 0.5545093384509912
43.57583902627499 632.1263638293574 0.20630922383777062
48.39544702687382 105.75543515615668 0.5086486503085723
49.22179310098478 53.69509064358848 0.316751917751084
53.687135789745575 238.40990259933116 0.6222791029536978
56.06590801951161 158.5574164308574 0.5351038179254886
50.611794208037594 158.77343079453738 0.6197390073083255

56.53760929438 115.1500636306001 0.8757398308603683
55.9709220009525 219.74794548154685 0.8501773208353995
54.2209707048519 99.13949708965 0.8377977207621967
51.74555021717476 122.68185511887175 0.36427213803146685
54.46649415059916 117.2667225981021 0.46787452405133934
53.6611838712553 116.07761608734292 0.406342546772521
51.496741772264365 333.49522868389715 0.46661438140615985
50.69382116561983 53.81032141012398 0.3216246800820812
49.73018893345692 1938.0407009296916 0.2933828764566613
47.87944009543291 137.56001528969222 0.37403826727093303
45.48534461253632 77.23051739635639 0.48463535157162596

51.8997531288145 108.5598407781904 0.717376125099733
50.0900231080224 97.86288413565984 0.4056995380209685
49.92445488269512 83.04356287729644 0.36772976096725074
49.26302858952385 142.46765645600306 0.22099517559536253
48.65918427192927 478.6686089486149 0.3199332423633763
55.409324560334134 169.2047851753927 0.6426988720998992
48.656107471213645 752.23219624543 0.4611383459278642
45.58672126984564 257.13732067379067 0.2682700316105411
45.6699563205345 563.5156807979042 0.28992237923070263
49.31535588287438 95.12934806435848 0.8896995429812478

59.465566797598264 132.82963309471435 0.46307489565189996
53.24066702671463 120.59340065331978 0.47586402938839
49.29273954362782 118.03103855551875 0.2930483831763411
49.738580821506616 105.99792966642359 0.49032844398840325
49.064228128565745 55.805880973930904 0.26456796919300984
46.4154495685992 136.24156745282932 0.40652176513347626
54.0135780727564 121.25526640727982 0.6570287302181441
53.77400881799368 114.53172295397312 0.2940010908497328
49.75989980270929 110.58660021794252 0.41022986420755103

48.51297978992475 100.97170373471027 0.4741513462652023

59.909257313019005 128.4101611865974 0.976178887069139
51.72646905832523 98.61341499524188 0.31351089916880426
50.34269260721694 267.2409917633621 0.2533644551285761
53.266910578596864 108.82684770771148 0.3061262656895565
55.408079874089665 115.52820421009852 0.2212071240399638
49.33835033331759 69.67197861007323 0.862326251359093

49.3120768181156 132.98821412693022 1.1414754632310462

54.201489829879534 77.03256966154181 0.5804214170274378
53.49208122107513 82.67326362682223 0.42665434399964397
52.51796592468412 99.6494110031807 0.2504558516935589
54.32085560200412 127.9486494810886 0.24669925950250615
54.5910567492977 120.90866721813721 0.24349574353476555
54.33875120359817 585.1519563125213 0.6438742291107644
52.01050218978525 124.60637992111788 0.41858040319003464
52.39440870528713 68.61290178172295 0.6008295598181803
49.570001734051566 214.13641294369353 0.15753551246478992
53.053409782586485 96.65782615172638 0.3673689288558961
53.32330802568151 58.788481958286255 0.5070584769170665

61.18484040574471 152.7032653308448 1.8439219021424407

55.35998800184297 122.01363857106698 0.23064857869354682
54.9026203570683 110.31641304257292 0.4400535911654515
52.957838671638484 115.35194274895366 0.6622893749880063
50.9523883786932 111.17047711114033 0.19818229686099187
51.24940198595394 118.48862958660011 0.3502103856385048
49.37300516094101 83.47646310668876 0.6828076636724063

53.40449212731517 125.6168435843835 0.8604968876664714

48.911830182129194 1668.1166055162748 0.4573826219700692
54.4976974012636 133.38875377604938 0.6571767560900668
58.62457890818956 170.79191714248026 0.609029669091143
63.04290550593174 165.75385580301787 0.3837502695829329

47.08281965913581 286.3061000861863 0.34356928944349363
42.82089568111281 356.16535966628044 0.1748746343079688
45.80539376258389 457.59259068984466 0.578413178151095
52.49275300568777 346.82466239421933 0.4018284361249016
54.67933064039895 139.5600483662893 0.15468666091040006

56.935208212232375 125.3129831332149 0.39136710040301637
56.42889556705013 67.49679123060737 0.33423760744399544
52.67696604221114 981.7095616822935 0.5066314936941865
47.392927343595936 323.135977177529 0.8224196322746735

60.4733232394116 145.2469927742434 0.9307415315576151

48.40526941841553 132.92497544458914 0.7024464389114087

52.51273691867874 146.82607528463842 1.0808335999771685
49.9016163225741 120.04807007704348 0.39931275300803293
46.7199510038319 51.603795777027884 0.4515813540211724

46.58217835972884 174.90751648115688 0.17014940067424789
50.12911114333152 674.5178039049906 0.4520164966663174
46.518608996641184 511.3592551744098 0.3075332268755915
44.18392015568514 321.21653649963173 0.4619557183066547
54.453984863000436 135.98928958281243 0.5936409772270963
53.698846404143865 110.50647981950324 0.4396684256532808
51.03568784315755 783.4058432372342 0.31597973231320964
52.00260386510676 67.7738386189751 0.24447381018276815
53.22954625745548 448.61437596017674 0.2874377767659837
52.191252660981455 106.7730942852116 0.20570091617481978
53.064111046661054 51.110662184846966 0.3682166138932814
48.625179992612146 667.0340814350141 0.49109605453693916

48.10268897683055 115.90419348490681 0.6542219833407472
48.158044822886175 79.98158804644761 0.6826443972015284
47.4628313403813 4.469483976967725 0.34617822859718217
47.55174558502427 571.044178185986 0.34022810915313073
48.22204808047361 172.16912493669665 0.40854347301430494
47.97507450899394 49.713778479437345 0.30441233419404057
49.74056290308803 294.52778302097585 0.43925189176445656
48.74343362093679 517.386027538557 0.781907927759903
48.96654968575204 122.68117648043616 0.4170383714039474
46.64116733660941 377.35626872925917 0.6488589197372505

49.14392835530444 317.678847662957 0.39849092349149373
52.18880825952872 112.82984303329383 0.49291287839920983
47.83310397275392 82.6618993552092 0.3729997881498264

58.72631728594764 191.45235893620227 0.755424082480431
53.06700592708716 97.42646024985895 0.6358480332910119
51.01898870549837 553.6374943801951 0.42650917961242385
46.915160490114346 271.88702164205876 0.5495787058920882

62.67610510969701 238.26865979448806 0.4411516735704879
62.16700137531159 151.05818416050306 0.29912897753342804
64.54821866555952 148.79911659866485 0.2743933929197908
61.39057577449288 144.34375379326497 0.7556240564380232
51.76043077351848 113.41307506621918 0.3055274304357454
56.0118868853512 620.9233681255514 0.39978992467459307
55.26590887747544 116.865787765857 0.20943045659251425
53.90963878603068 113.46699009151297 0.4439715588841011
51.119504132040724 108.67748609041249 0.12084602541833078
53.95950097361829 108.39421390350596 0.5218662340395213
54.89697754201291 118.86074025031067 0.26830708346827237
57.56333231545888 119.73059897074373 0.5844266553794739
55.96986104347302 120.46123570326748 0.2431611075569151
54.956009750705725 109.11898029653806 0.26772047080254424
52.333917992962064 105.99443173478988 0.2789186125807248
52.93975713029403 105.77316251739592 0.26067806900348955
56.302561009546075 122.60317200252567 0.33637094181042926
56.451576774322625 141.6830830045645 0.4881908585988697
56.731334036236625 336.31907122909934 0.3639208015281099
56.73187902818283 103.46062786235669 0.37611174137680337
53.62779879403082 615.4500354040557 0.18587922930996115
54.457218501200025 395.5801131586086 0.48276855496209237
55.274817814249054 110.34102743272447 0.7281623864002143
49.623328336524416 383.2770426756071 0.600824428400557

60.602135917874115 141.19960221388402 1.0284037880885535
53.71774110601759 106.03692416840094 0.39405025070703914

54.2373133686982 545.6127454207855 0.5731159550693121
53.58425855198653 110.47923221449179 0.535458524406323
52.62345643539786 88.78746171297733 0.5995763253494886
56.969593771900016 140.2210093560615 0.6699787806493589
57.29942941227544 133.40861792389833 0.6478984234104814
54.219915684444715 102.6530026170209 0.47849825624132336
52.72665548851578 92.4937037846546 0.49388221979538116
48.465099478313384 96.46344275633258 0.5143048585495365
50.750162175022076 100.80388846814904 0.6208641330534306
53.364472982053606 126.8685236749976 0.39816790915358524
56.73437361330486 118.58075080399766 0.34832885063582353
57.27345604561801 99.25654293306612 0.3210983669138159
51.695394019675874 372.22620240909015 0.5914502924756562
50.68980156685529 81.60300445690845 1.003105045814209
48.790075398499056 305.34486271452835 0.3526507498546039

53.7153609827895 105.8149149023409 0.3838411239363779
50.289058208193886 123.67332567296597 0.23053069014574135

56.779436975004586 135.9721586689876 0.36463002744764594
48.622190846045726 122.8009969933176 0.5856550641944978
49.57000394459659 122.28459088653317 0.7834351291710107
50.69356691089323 114.61536837353005 0.14931113979884003
52.24581596406612 112.18785436362234 0.42652183847565084
47.08499840279727 110.03954456919023 0.3592998524124482
54.61421525226568 148.94582704201042 0.9452237364052394
58.674243947085344 124.54579387575333 0.3623296078716294
55.517213601733225 123.14554964345845 0.37789858826525347
52.848177212091834 116.99035283575624 0.35843506990468654
49.402521158835754 117.51517227371575 0.49063715153596377
45.670365862317375 125.31238225432139 0.7959587216996056
53.97946551883711 114.39041625431608 0.6163879687479152
51.306138806963475 105.0516329290227 0.7138718273431266
48.49361129416672 78.0168696232078 0.326063039240438
48.99210498486509 88.22979033156702 0.4190137544451886
49.099301438705375 801.6138095735327 0.7585914523518227

60.49669575854501 221.57088550641313 0.9685232648214139
54.173348722446605 126.82695493069798 0.40127985569810676
54.23863766922329 128.2081228178472 0.8031986241034588
50.97012366792198 122.38295878412102 0.8074982779451432
51.202495435168125 108.24252082135968 0.5582513485204004
51.67061034987059 491.23998326781907 0.5065642110660349
53.82733706030836 345.81230719785657 0.7101952271748075
54.95396241708722 69.520981309062 0.2894966179519258
57.317408422567446 126.35966743646802 0.31786508359098775
56.93022451227862 120.3642583430252 0.6851326748852102
48.96930561429219 51.74812322017275 0.2789056193241777
47.462431745922494 685.5980908109799 0.4619010249863038

54.23052925108789 118.30527666538032 0.37814762932418944
54.313966702471184 134.3605623781803 0.4279052354835642
57.89954053824453 132.51327890699767 0.8795388001982474
51.17715058697488 99.92034026851876 0.9341628905923187
43.71778330103328 232.5674514116677 0.2701882501412456
49.833455107517615 109.06227229211272 0.5123342934669495
51.786350446190724 396.9960881063234 0.16823768325903643
51.93878810498345 513.7129498978359 0.3167512459007753
48.77582106533589 58.85474381614262 0.26597932115808476
50.762758306537954 100.76102191461818 0.5920777485134749
51.67422401464879 477.81182129004515 0.627041620780318
49.440801597940826 626.4520043879916 0.5615771241234882
48.60480935218558 68.3583272767689 0.38277538594439875
47.9504423339023 653.6173044347445 0.20084280241763963
50.32800484581678 50.79505331755671 0.6473936455926435

53.927942918053866 121.59784602191982 0.8506655215597903
49.219927778687904 441.3881500185309 0.6037534476244559
49.81334729679013 343.9926431435915 0.7413822454922467
59.75084346600332 132.79097141834455 0.7063253593660477
56.783971952441 121.52848801682636 0.4856530420513536
53.919502756515634 115.8434318398458 0.41006855377941065
53.08136256888957 113.14962236725245 0.26087726625877394
53.74245843127754 118.95896753044144 0.5071764167920776

58.1194000099115 140.66031290615334 0.8004660641634303
58.523092014545284 144.67576718261077 0.48469338821468
56.78685042851861 149.0263845780601 0.3930871299991736
56.80272066368879 124.9669051844963 0.5174305375195161
56.928173167341114 140.8066680506859 0.4649212371712679
51.2325666018732 124.60012503308538 0.7899609577309832
49.25081795707793 119.25141964140774 0.3276044437206167
51.59980380110718 101.5828884544778 0.47601884042421716
47.62101604137946 132.1994110296919 0.19699082922949174
50.505286684922396 1354.977863219776 0.2886743724671703
48.797723175578426 115.37564046848104 0.32042483423632007
49.60689566180517 117.35698903328498 0.734300420485198
49.701524593930664 379.43157112935046 0.3806404432278043

58.21927011912582 213.944676887521 0.9220756016576672
50.982392202075474 91.21428769190129 0.4887060423692162
49.488057777289725 722.1728462764144 0.29633563650529027
48.65701854469964 689.8986600640235 0.45290551912040655

60.085247572352955 173.38627235305424 0.5318486720074986
53.542509024492574 118.04086229018688 0.6475503832746483
50.214588465332 691.3420393920567 0.3478844893694486

55.46850215531939 123.6386500567192 0.3583460598768511
48.80039916724785 90.71507234462334 0.8533740472453246

52.6438732008321 113.45464500190717 0.579518312101925

56.526387311494794 124.20890417924619 0.49920865403981907
47.57853012418364 185.1021966211653 0.45229717137243597

60.7698292286019 131.0470166168979 0.42262700237682793
53.52824498229823 107.28359069840131 0.7398115317971872
50.08440535731346 91.9056598577228 0.4011592192972273
51.29585240319493 1860.2061886545719 0.5696944188558462
51.929635009388775 105.74168831397652 0.5552945671835516
50.57294747407469 101.62591010801717 0.36496334531753405

48.08308035893553 56.3396725268227 0.544395990156346

52.90860341283724 117.81226499792153 0.3875285909449815
55.96797322373174 127.4960926571565 0.38925534176172505
57.803169743713475 127.34987621544956 0.3736728754498131
57.6569561442222 129.8269108569137 0.4635784330088768
57.185365073818595 124.97708042379148 0.3343253861670803
54.629260079172994 358.69372772781753 0.5786413728596642
46.94891341443632 370.4667073902217 0.6515681358819734

49.65577590526961 54.06204621780632 0.9068917530733529

50.940789430677654 102.31087598189545 0.7726910828025666

52.360650253478745 116.04906303429367 0.7845033532378807
50.618404341819065 129.90188840099427 0.2854988130044944
53.13830792560397 123.97859436905482 0.28433407800540067
53.50010554659296 114.2900775923585 0.48437556519610325
51.47902302287785 116.09473685828225 0.39673270543033823
50.352012875204444 111.98845391980305 0.42079318790402453
49.0714236404155 354.2177399285028 1.1207101669590713

46.24382836817239 110.00349218407777 0.6185714695775459
56.071689659248605 129.5309417377119 0.6104691787615195
52.48793443995915 103.89398080538705 0.7217030858216447
48.85233947813763 444.8742201914208 0.3253763560827565
49.08146002060573 1703.4822899762282 0.6529374273290785
47.376562887992186 396.7202276722753 0.1363692108510861
48.68786169052162 54.42512017441679 0.5996831940353218
43.546923301096356 134.3645309636092 0.14566200863544054

46.05896446415854 548.8828200794142 0.2821075372166888
54.38033268955804 118.14839291003507 0.5536585120080986
51.688438424672164 104.60729876719097 0.6530568430431458
54.565935576133214 315.6112938374356 0.594367513184153
52.645799622346416 69.62083026829495 0.4957800037492177
47.696882152155105 87.19142752976934 0.8332926225288873
41.18042494303911 425.07774755639167 0.188391828515023
43.60167609378161 569.0643168470235 0.665783927713818
51.95469942637109 98.51056105251644 0.5453193185841201

56.083075502183505 121.64990873730036 0.7795050795522798
51.24773722945075 1212.1210204728332 0.34146156660708016
49.72475774434622 104.15740110710897 0.5008139057415519
48.5543542436144 361.10515571571864 0.4498119637708555
48.28164102260758 458.4992097502244 0.9462813104793781
48.68775068196754 1377.0382644846918 0.7410756038954105
51.76636136169038 112.4033579557322 0.3310542742656253
51.18423322114391 939.735037960853 0.43631973862258633
46.97449114387794 73.8211045342127 0.6190967220912853

53.81699850725793 125.27398946105946 0.6257713694977554
58.70043989973986 129.9278866798274 0.2579325001935331
56.41703448840717 126.55433330537902 0.24232768491879142
54.406900223214755 121.93883810448825 0.37103794136021406
50.21672876959664 118.62577804005582 0.3042080832629779
49.81521569871959 77.4378721272764 0.5564763997962245
48.88569890470653 112.80475135812175 0.19599557102017684
48.29645794460671 106.24997286754146 0.46301266083955284
45.177946668309495 91.6363697574914 0.2381375905959544
44.00266967288117 357.81293320921543 0.3550306432660193
42.6737911697024 560.5137180966116 0.22114781640607362
49.77254557015781 109.47558122990567 0.7603682960720732
47.828927001427125 103.69835024587077 0.301248521653406
49.4042348705034 113.96809209325457 0.48952766888726273
49.82019141895951 105.86460566636755 0.2950705451644353
47.735532079013474 476.141897511832 0.4120251062122975
48.737504934466806 104.39521762166746 0.6856532255703485
48.10822991772012 59.148519422074045 0.3468347568104946
49.309721910565706 57.11204280376294 0.12561752440740293
51.0927593091025 90.57068002295985 0.6635533148020727
50.554225487765834 512.0150691265183 0.34406044603738906

54.63168427186387 123.61589510817245 0.46129629145397644
54.106441216297156 121.26631736849542 0.26355992341567
52.08086476325291 99.35322336356883 0.2399787803067852
50.464920749112586 356.13803521328276 0.30158025464103844
48.75519305386623 83.81997731428432 0.20445431543933523
46.02100838346789 14.686651812221562 1.0754987757970582

52.90886469482967 82.0832104059552 0.2249163952636195
58.5477348595747 148.83159814559505 0.33766659736403426
57.25135427698742 152.06938644306337 0.47420913549703414
54.368582591529425 141.07461024435923 0.47019115771550446
52.06247957204925 114.55123902437278 0.2883300393379784
49.618165307861084 733.0779289859692 0.5025692637875068

51.62540746358896 120.58731793788223 0.7707609445153878
50.02213680930724 84.91636020556926 0.5793760530291081
51.080518210179 389.3590982913197 0.8222582222807944
45.661468337372604 369.2619111497538 0.4990389551628027
50.16669366895339 92.54579930434193 0.3790617135083494
50.540518586063854 78.08605911089875 0.3902941602137844
49.07547635308836 56.513940626115094 0.5104711701664542

47.33547873013448 244.76575396396672 0.21920189213511776
49.06175468251933 1915.0909385740779 0.5110868761839811
51.857892374845214 122.96934150738873 0.6394072933048847
57.81632502466751 135.52528337150758 0.9176362489265557
53.88368027432329 113.6750587894865 0.33278567650489776
53.6725730790021 384.1124848232445 0.45077965583368496
48.815350879451614 56.12371255126857 0.6157624497971597
41.60845980899889 271.4994386177773 0.18403990796133485
48.31759692810074 100.76126813341827 0.8937500644752845
47.72906433140869 251.53861094365993 0.4639101479972396
46.05238329423906 678.5270751416166 0.26828317136164515

50.28714932775822 117.22075470408538 0.15854770661860584
51.79455098245763 407.51505531812666 0.4745656724466585
48.24145812760875 379.00768647927623 0.22670223197815176
46.5728917654814 267.43390814484064 0.5160292638182682
42.177935769129604 8.015520954385414 0.14149708693184948
47.41452086224751 108.84841906979345 0.4927914254952839
46.57025129743329 347.7301260003015 0.44842914890114116

57.2816679255222 150.08774406639824 0.6978020803371123
58.314666314459046 127.58816674922043 0.31895141186248566
55.01244789555681 120.85581823625657 0.2342934166902637
54.50413862388651 113.07572669049662 0.24686597194829574
52.35938222321022 107.30211263894782 0.4490854871899046
47.646403181581384 97.99539343248844 0.2881785495907252
50.20432048919508 102.79323594791602 0.31577972245560204
50.65409060235907 343.3393275870052 0.5684087104087325
50.10842327736027 53.729040724637954 0.3254183568579947
53.51062145588275 255.42127703416048 0.44635214316946303
51.39033749928253 105.27040598871805 0.7051666655405597
49.114034585583276 56.929179259841895 0.30963705579495127
47.97391785956216 55.15379142235621 0.45549428113270096
42.40987927750936 397.75372771695913 0.17880840602873604
47.291923422596376 290.522327788473 0.3508499936048679
49.579111634215515 359.23261035715143 0.34730200304693426
49.36207963614917 106.27854445332277 0.2592837121248408
47.747568838804945 146.716271075226 0.40578768084282046
48.34828464072764 68.07607624247414 0.5458614003883326
45.66486583259165 667.9986615758476 0.4274333725867905
45.46742233422828 164.69641262837624 0.16964160301040465

57.24739474341649 145.52677556364387 0.45293412017161927
59.431476983687084 158.54334607721833 0.19661784784636893
51.38096834023836 130.60801790530465 0.40991181629675566
42.748065019647676 635.4001870406486 0.27406901831358255
48.60875224156924 95.75407749613072 0.449975716824099
51.32932118310043 109.28783041885976 0.37187786122518673
50.50524666896055 98.05568678629928 0.31665019878590783
48.990392503748595 455.0600776302694 0.6522170382052082
51.52529176215158 648.6485308391704 0.5594019589403274
53.054737599185906 123.18814609059204 0.450863235257259
52.872260527347045 573.043715009934 0.39332535922653733
52.35774012766469 502.9521154071004 0.8895373269492666
49.6475011555062 213.02711193786195 0.47530270089805526
46.247958604579445 137.1358280425253 0.8114825336907643

48.58439961084426 289.8669651791246 0.5978730710246509

56.97036933766489 140.51720114867055 0.5792163815326035
51.74655537299019 138.6880007138706 0.2631510185734669
50.80138191827769 152.00140166673032 0.38011488112687175
51.73578796519632 116.96164623538618 0.5590944602521404
51.450868088676 133.40490201635242 0.27567494185217356
54.042166629262404 142.80186208023008 0.5361669633891779
50.01100483410354 310.1586656731853 0.4033398063497202
50.27732779307548 56.36306613329029 0.1585460151406437
49.924218426213415 358.73205902396325 0.24878319385493342
49.900642625635776 88.03774974567924 0.3751973866700382
51.32025805894952 481.04295822850617 0.8560012653358626
42.42140747801216 491.8267681201295 0.5440359505711285
41.97959895934592 147.05775706565547 0.12511516423330704
47.69646932039755 105.4779502999798 1.06648132924812
43.58484808805977 328.781679412426 0.43967227955641874
43.36142478306184 181.6888705957864 0.15051525581321812
43.36336138262172 525.4695699967004 0.4137424776993157
42.805371583199005 506.1100268576536 0.1764504470984889

55.11833411990454 131.51990968025225 0.4565901852923844

54.283493797783244 125.7381229191798 0.7635812390778369
55.05461133975103 124.7281963155485 0.5286210139423133
54.475284523512485 107.45292592138375 0.4025489137608247
54.33651414936234 118.95878990660762 0.4454952306065252
53.36598394436621 111.71435024059846 0.4043621682091043
56.093220967980116 127.87910184421318 0.28902421314893445
56.35710594408296 119.07728922993986 0.32181966387901184
54.460876552984324 114.52558606384555 0.3509446196912336
54.99412637090471 98.46593610211158 0.47552317887630124
58.84037833191409 173.15376836164327 0.35026445431014963
61.343502837223404 207.91731882504183 0.18197728043401185
56.440655994084736 147.78800343392592 0.8689789508385957
56.3037086132477 262.985360444747 0.6154991408603223
59.0771261277227 120.36381649685875 0.3967471268210261
53.876957707109376 95.68109823630812 0.4109599991967343
50.93765304212849 88.09747230759979 0.7024786672723735

53.22576911522934 147.33452856744327 0.579518312101925

52.6681000795001 105.74157253550685 0.3863455414012833

49.43438666938059 106.22484058503176 0.547587963645185
44.8667447078941 122.53442794506394 0.5988810014661112
46.125398433664955 102.08235929107599 1.008104314029083
44.07642693015762 52.18486482607957 0.6061325115091449
51.63209131911627 245.20638638253786 0.6493348783418469
50.28119910807085 95.62578823924316 0.25365359217215655
48.46636233275087 166.50122972003084 0.5725007633751034
47.43138402847505 176.15827840780057 0.2945845064399464

59.250748311977965 139.1016208712521 0.9822425867469633
55.27276076451806 102.90208830916642 0.31954664912581165
53.01194558304764 104.54796495261809 0.39126307970281005
49.70471822414963 59.62719954207464 0.50435227982382
53.54229928269524 116.5909035919263 0.5643947854360931
50.368015331043026 129.27515987542068 0.29441784821830197
50.970526938687115 104.92644786238353 0.4300824719680918
50.68386526865745 56.24912356094628 0.35602911321797137
49.406128622391755 109.67672350629019 0.6198173462194063
48.26730372440531 81.38395631336434 0.3536062767108774
47.951131550202405 325.50081654445887 0.21067212571790606
48.710818847086834 291.39918515685036 0.7550671241571649
47.594238684668106 110.71362657294745 0.1589171346583953
48.641958687004134 146.54184232791127 0.3401591805861699
46.92038143282014 146.63866577656302 0.4797629542064783
43.31232423188132 374.20446781098514 0.20882045123028092

52.24397622967069 123.44414756843945 0.37915828769911286
56.8075927451271 138.07645065456384 1.1621919478477025
52.39539538031232 103.50338978434041 0.4674676208362598
48.84424481129776 107.36378828100534 0.44320169734277215
48.49439297794327 668.11479188171 0.6743574391890661
48.65174474728038 401.4676459848193 0.22225051489829184
47.64341705475864 148.26248676804806 0.3693679265027754
45.539400818746984 133.4215971303444 0.6180827521512811
42.51502792131984 545.7274499105205 0.2101642159725543

46.46468792319807 111.4376663441353 0.5619571511291497

55.21243482866965 122.6357031046343 0.4561664395254752
53.518981727494406 105.83513292517823 0.4221233822423187
55.396168159843796 176.1743245482515 0.5962630372301305
52.0932505501007 144.82828131348063 0.6984402602041087
48.31372813334439 107.74731148880443 0.54073920730184
49.84571900865006 67.6676022890099 0.5821233410694049
46.24409483265574 99.90254541594426 0.9012618049223988

57.74772036610327 142.75595080974082 0.725956558504663

57.36381447924748 152.17585758853312 0.30076545025576706
58.9264788395922 131.6365003725023 0.4832379751910594
56.1297515503645 124.1779668035076 0.2546180863381551
53.19082917200069 115.34670068574884 0.27724195925043205
53.97020511837192 121.61357257197173 0.5381415186548111
53.477059111524994 120.61340151274477 0.31917839965046824
50.20876024505056 110.63733137683747 0.5653071181387759
48.392204654272696 57.59935889949433 0.6636247946002527
48.590323831897734 234.66876468403055 0.2540000523232493
48.84022181021964 436.98657134804336 0.30781863502068063
53.49652506931288 267.04341550957406 0.4018810937181456
54.5107247131424 184.89899059337097 0.4607750664937953
50.8584537454277 860.5503031113908 0.39707519704461447
45.69714181813514 141.97167506335728 0.46310415314383135
47.63799421799285 127.05137752844216 0.7581765065729655

56.043171621163744 130.15890838619362 0.9667318415596924
53.716558894234325 125.81040373182 0.37220681923184884
56.14291982495295 123.71494296904342 0.3907523031754181
55.930490701288505 124.38875918500526 0.26687743341540227
53.1723434732487 118.0346140856717 0.30187537845080215
50.704018793999325 116.17910010064305 0.21048855547081757
50.602709140243405 102.4707809182734 0.16677770659276803
50.87778178366668 108.28498394001241 0.17838062228094032
50.76869408953054 102.07989895177582 0.5501680637023583
50.20715237080424 125.63605587520972 0.3113925066717229
48.48051193172981 86.89122689858263 0.5196289825203735
51.073340600791376 123.0249045660306 0.5950997821656756
51.70063899420522 223.4170872977198 0.3040362802078107
51.37464065606966 254.85952194292844 0.34318839449451843
50.22312128641325 53.73229244456546 0.33590953346401875
48.631060976464454 63.914149526880536 0.15728064187271684

51.677222467654595 64.83714806954548 0.5284408321156775
49.45600870529961 511.73583415573705 0.25820396863412043
48.41960399965631 95.59314961976537 0.40885453030495
47.115354316240115 508.9987122627126 0.3434065265838626
48.105187954931125 146.29348585060637 0.45171852709006544
45.88431622106352 506.94885797588194 0.41160815522334815
48.0119512682419 112.56150039170284 0.38971474695932784
49.06754311142046 126.73223415997953 0.33336257907109257
58.37254235395177 149.4142369409427 0.6493090295222714
56.07544419543855 133.80939004052803 0.24688692320080463

50.62488453059499 37.43856073143162 0.33372953646681935
50.49537349548994 105.46499390482698 0.505724162668514
45.61148280864975 112.41794119240784 0.3868113622556848
50.22218001713087 68.3015372988103 0.5126521970636873
49.094566246811446 54.2838083921415 0.388364117265553
46.03419450961538 1932.9016438855874 0.5771373844572736

