51.390659732953566 143.24148651362458 0.577604714818005
44.73161790143681 739.1076651563378 0.2996583651038085
41.481380607436115 658.566818284381 0.43074339162011954
36.19860182907283 21.94757236013263 0.40037736481984654
43.117461757422326 377.0392370797376 0.47311975536738426
52.03275068418662 109.57889529744925 0.4351093932158272

53.45658600875398 158.01756457099953 0.1889929867611153
54.212544026656474 175.32550893917 0.44320880825915143

54.14997429430694 167.00832308013054 0.252371703946376
51.02453031397502 279.9671038042726 0.3690285164674645
49.58481653957852 139.10906363324662 0.25788907707031417
50.589264083940286 131.19428002941152 0.3624690994035351
45.961914750172205 112.59243041023667 0.3262493170813334
42.191970209499665 126.81569898603281 0.890554822220901

44.32651562540974 102.02257544341884 0.5443959901563407

39.918061728078115 140.70413889574428 0.6301401048565012
37.84588213001882 144.0425196149979 0.4059683925378259

46.094922335245144 133.18109838378402 0.624109940944475
35.890082506445374 606.864497991438 0.14422663182503825
47.498356814617495 141.5292413181766 0.8212393355253767
44.8886356690796 116.22248818908244 0.21956994657318774
47.84917844641455 131.35520797547105 0.9901300856341209
39.597740220861695 105.40140544970359 0.7053401994497399
44.55119606693978 118.06894398085592 1.1027780481558622
43.78420485880045 106.66263007377933 0.36708464187103473
42.75413432062698 99.3297295094444 0.06891376446148456
44.40029600161759 103.86312861089347 0.5017370883395671
45.111657378887976 108.22282118725444 0.43463367265334085
44.60225441962934 118.85972303211331 0.22727764807488882
45.48796179150426 109.31085983233072 0.2685497997258466
44.46609099006566 307.18948583649683 0.2976718068477524
42.32375780053424 54.144284781318476 0.40068490786184796
42.812736933145345 97.10300361368878 0.4216120810020598
42.24332085322436 91.05113111194255 0.35964632172606414

43.329232157759094 345.9364602742463 0.2084522147837653
44.21852575562544 113.27091373649394 0.2481379705086475

38.56765105903115 439.50908518600147 0.28712082873858336
41.918977119512036 111.61002771606745 0.46800909309117955

45.77154245592995 119.60923980262763 0.359360379909873
44.160453197976516 111.45151876619605 0.2619949052068371
44.75721470846692 97.33021340875456 0.9833203957558467
42.54670518846859 1972.4052202616024 0.34457492245891785
43.64566752258183 432.5065746499181 0.3981227402154133
41.62807539920699 434.9009313735427 0.1974874812818328
40.30611216402079 399.4551187621415 0.5713222456955833
42.3532551001373 122.4432276004083 0.9833336255533567
45.712924395101744 144.4088074728278 0.8702918592205435

47.184635554168075 131.84783639365176 0.40277506986935663
49.78806326420471 132.5174391506525 0.37335921536563177
51.06410334199549 130.01817363305105 0.4549291023921427
51.75340065040351 129.5469271511056 0.3883142597790581
47.39692279383327 128.94374057249695 0.3050468222552425
43.14331596463826 105.6182989510996 0.576143653159356
43.22511007075736 116.26879168003983 1.0601219691908739
44.05600631286984 113.95213846144033 0.6623751553001114
47.297493731800515 109.02009115181009 0.43308119113419963
46.43363565578017 109.55512978038466 0.451155833205668
44.38709979102186 103.85152952574188 0.335570250033868
43.03970804793873 111.06189053441409 0.4200356069906164
41.718625753753486 54.199787920488994 0.4174142704258017
43.69666028279018 115.13630259004017 0.35868031768487896
45.79289332466894 114.2867455024838 0.3570707642830726
43.40017884926296 107.24550841685013 0.46439847434588444
45.05831990082513 88.81622649252256 0.5330754212495776
43.72694364535107 758.8758100535451 0.31279072909106986
40.69573854890474 326.2758741469849 0.07469231534665255
41.02601320726058 635.7854257453239 0.39955006528953163

48.025070835332066 114.39819545293125 0.2909819378426448
46.016429183716596 105.83828887820844 0.4827151592051919
46.171527203370005 113.92885096651707 0.5222530911622059
45.64514307517951 104.76174631170842 0.48031104210838294
43.13542974842843 107.99828872402875 0.1710503613556682
45.75485956504331 94.9236793738312 0.46924323472077134
43.300806813340614 95.51598251439233 0.24531373758330233
41.938722211259275 99.87091128325032 0.6428306686670098
40.59345661959692 404.24135448625555 0.3090994536807088
38.369558905021925 634.5411012632612 0.3695050247503673
36.02722163282884 143.59355708291957 0.18489980253358596
35.60164219300178 575.8918992840938 0.34501485639595586

48.47078528436808 143.14978801847332 0.3907864700225474
51.15194225642893 138.08862916507397 0.47378005883260954
47.084969875503965 125.02643001267349 0.8607341851010446
45.144546336295356 112.96712625016684 0.534404650025408
43.394333817922444 52.42626983086751 0.4295424373242014
42.02187452500693 408.0830249395652 0.34595831719218495
43.041731758984525 606.954052147765 0.5412816347447773
47.8550502660922 275.7788099351363 0.48212864865336513
55.466919275988616 176.97435450181035 0.5908674048784945
56.45069864637155 237.39593465061486 0.34540684220481666
51.10175166230122 148.09601731735253 0.6714792522998465
46.755279930471396 590.8762098425284 0.5955725917974064
41.694813208085726 114.63354397103485 0.27072958335469366
44.550627099237836 103.73885614215287 1.308817238349043
40.21477718391377 408.4906703384121 0.3771340204830125

51.082456723183235 129.1944223895243 0.846605311744284
45.444706260411316 103.57784327243077 0.5383008893805794
41.68767184788484 291.67815026272416 0.3705183016690725
43.914923255997444 16.970476419867964 0.6752874898809509
41.96032772152603 110.19123312498071 0.7478581433992275

46.75612371384782 202.25578318980587 1.1239143022582567

47.578080436869136 127.31013424517563 0.6993542603821936
43.95224640490442 94.48915234255296 0.4458153003929084
42.94882696283311 96.32167428547157 0.3723924585925147
42.594858247901385 167.7591190690795 0.16994895543641064
42.08624352680852 118.47362148134462 0.45891878618436976
44.060508176838034 112.34163751373315 0.45621588409098024
43.21374073381106 109.84056398025074 0.27612268582359434
43.301434716107735 104.91145166985794 0.32018228958999373
40.51141765888025 51.16179853757552 0.6477274753447091
35.844624927700856 418.79043250618076 0.2442140849497889

57.172773642672254 159.99604612874262 0.6407349598946723
56.18577419750775 167.4543568590378 0.4107365268807257
50.850915950250496 140.90897115188304 0.4785995499720883
44.5781462897749 107.91198060617585 0.5220857178780989
44.126973270064475 110.28452791409025 0.6038857529841977
41.736645750607245 100.06045835540417 0.22630464126044103
40.82408366577868 104.90075522400966 0.2569672894778563
37.00488556873902 475.4587282582502 0.6052794493326701
44.0864202151361 144.60388606322684 0.7581214286740305
50.40481831524305 144.05329457689996 0.3190250601762443
45.40680547105499 672.6819464388858 0.24920084924593766
45.71052605546661 114.86040817317195 0.4944147573119153
46.45694534433748 130.72009918355783 0.5424381643343708
53.55312808138318 138.98229798734434 0.5478858612623156

52.17682940428444 143.33069296713884 0.35994262183315584
52.15896731771058 142.1333504838193 0.4022426346615333
48.216449863731256 127.5849823751099 0.3084374866612336
45.689733596247834 125.12767569750037 0.4446094363956803
39.710632100414195 105.11252141683592 0.38488279594714925
35.07644790008741 253.28451808300073 0.3846620390505393
41.08443491717248 111.71672565347063 1.0084462697736
36.62647019696532 57.93866479587641 0.5043777760419062

40.60464381191466 77.66352392031592 0.5970794730747002

46.067603869514485 111.44124530003788 0.42702434924206045
47.588035209064564 413.80908999499155 0.34128791389730395
45.92716399543148 104.62575086801226 0.48635573241075747
44.31135553965118 115.94188057872351 0.2304995501919791
48.3197495017167 485.89540951852894 0.6480145243049833
46.98340826602385 123.8739782031931 0.722732923059084
41.83175631617754 114.7118485148553 0.5322117768658785
43.297607826712635 114.58115054526213 0.3778088589524202
42.778224849884865 108.83862704372741 0.27710478340728173
42.81558756693171 110.23124254610069 0.41715483883027105
41.47095690065645 104.6326879004361 0.15871435027905534
41.769883034642966 112.99809187392354 0.3117188984091257
42.0047588924525 109.80994730663193 0.30847397970649126
45.25916223811027 111.24904244001398 0.38046903173454893

43.620250451963116 114.24507557542779 1.0373796652123417
34.88384499889136 321.91742405719083 0.3116889110762031
44.195433146936914 124.15494663274701 0.7999914746057186
47.6553278843588 110.84699683234112 0.35517155771511
41.91094719799171 103.34528820817677 0.4869141845116616
38.887477030137134 99.69386803001359 0.5158329595337818
41.6618911243757 98.30607278228248 0.36165741281467945
48.57812413266633 197.53536109453475 0.9411824332955234
49.0923100628124 140.1442520392449 0.7775386548540695
44.38459227078113 112.90673821078535 0.3109776480555695
48.359678486707985 108.30103931052537 0.5669118383684975
44.231356872662786 101.88154272365598 0.3042960279430815
42.5673641379517 114.90925656858353 0.5956134196304248
36.52913839292193 74.14541661671477 0.2433755117048122
48.68083250948949 225.8331899499787 0.8050467688417058
49.1479137733991 121.62276772067999 0.2244448886947623
48.63241128010105 108.65300432616156 0.5100976432628244
41.40887934164035 108.71885926873021 0.9874767261729716
38.25792270333927 142.80575730404135 0.6482103697651951
48.500189466850614 146.94926198208935 0.9368073167746189
50.95582363847644 122.7484912361313 0.45145089482625167
53.0232336846846 131.72745550826187 0.5372190891465749
47.81985900511617 110.55428452829926 0.38352464453974733
46.533412500864316 111.62470764349538 0.23670822554377935
48.70580835682013 127.81507549954398 0.6968901638058895
43.06393946613502 456.98488312412945 0.884466936364916
36.07169031825435 428.2324218546686 0.16383478212937064

38.299299771250666 51.01111252998783 0.6233962686232673
43.65140575280836 115.46538779688913 0.4650495083731272
43.70197764706523 795.2126172355894 0.23558276534527067
41.56487872674881 388.0238116298746 0.4688890609030949
40.63994496980623 720.4494036591431 0.7542629256593898
40.74752679864914 502.0728246298884 0.33643734025108074
40.84829502078924 671.50002001765 0.2670402501658913
37.26363876427266 281.954986929003 0.8900607102293066

39.092861286670995 23.588356710623138 0.43902902431963753

44.15113890110903 21.861263960061716 0.21498561057130416
47.406527192957114 120.2210317617886 0.6988160175926055
45.259584366566294 109.6084455187601 0.3290565528821503
39.43280869634537 102.3345153133108 0.4511928239930256
51.06350604004716 142.93171272384225 0.5779277747790843
49.13572318317574 115.89449537044803 0.342868858659088
46.87649434181705 108.52758502377843 0.28649625676044366
45.0321014884359 107.04673519472867 0.2046250072498026
46.47130000167881 105.3544503957214 0.4864541714279369
45.16790703661789 113.67706492698372 0.21379408472834882
50.350933808202946 131.11301246632416 0.39122233609687385
51.28592591275012 105.25898138570365 0.4633426216746557
48.22438267063528 98.62876100234975 0.2581517845935082
47.044983020878895 97.75949065390161 0.15532683361846011
47.78687434874474 112.50620657945811 0.5913980220627622
43.45608024841787 331.7217845901021 0.6387980325398104

40.123320970695886 10.716976500548814 0.35122321945570434

48.60844333030482 124.39451332183562 0.7892185725946064
44.01738114988766 105.07391628962786 0.42970533103152775
44.300024969138995 64.9560920635114 0.4970907559055746
43.502642798113946 82.6937799209743 0.1760874205804157
41.22695743409296 68.55410032847814 0.704660034830539
36.116320731551895 607.1272488843899 0.8689098751484465
42.59866446065948 756.4593426939745 0.5602254700160643
42.01794750970099 103.33266472709789 0.871253528009504
43.10591628631903 234.42463588309118 0.7044629198234276
41.9397716796656 405.70035928377166 0.289112731113093
39.54956133151957 112.05676427178844 0.5919604446979321
51.02519636583696 145.01746460386443 0.9520575108574434
52.23204899901238 159.99598444600989 0.348156924076946
53.70760278504184 119.41535946836619 0.19085619932317854
54.856622112866134 150.6379696344044 0.4356949929209577
51.92339000556323 134.70809952064008 0.2083280816426054
46.915090407522065 129.48533394367172 0.7274001234653724

41.03258622994427 62.84426191841753 0.49171250723799176

47.71933694671094 123.79584189436294 1.1323166592968334
43.71486042108674 71.92574839171671 0.42289399525537874
43.08644194249642 90.92256773457588 0.24224832563461973
43.00399877267205 101.34962008863347 0.5381176712282354
41.838375325981765 128.84104030542 0.295081605502844
44.3168712325295 76.43782466764311 0.5252936277228173
45.26785871798481 103.47102803235715 0.15180962502694229
48.661023103031305 124.49201866861252 0.5435573132933484
45.0923778404124 648.6170446973796 0.32390619635245343
47.67722388468322 107.06029280593019 0.5487272823657179

42.520236949062955 121.24200423765305 0.4869259335209506
41.103770363914634 427.0239679384183 0.7417106857293732
41.662282086943485 159.8940106758823 0.24178339346644862
40.50824665932418 1329.3727210094585 0.770951016830054
37.03737165816875 364.9945215532356 0.2770173503490412

41.597735152471685 109.00915934810776 0.8698775436649555
40.59900504084753 56.878597605106464 0.37696488540279915

52.54106483233778 139.5122533194479 0.274148575728276
48.67170567763827 125.4986641933443 0.5936247289735093
44.56351963040576 130.5831417006077 0.3413371566898604
47.312929826862984 131.96625575256863 0.3219629137464324
49.72671007994668 126.41457213151064 0.3463825009429229
47.65270369843145 114.9751741353214 0.5471964758908712
42.37891432896539 903.1339531903667 0.6051317631714994
42.66594227052873 94.77847095638767 0.5736458144686196
44.39009688020926 105.88748868163977 0.30246746350675835
42.92048206823239 110.40635456293897 0.3701046685531537
42.08846969134379 94.61713329457405 0.3961285287174974
40.25067087530622 53.49675453272269 0.7684713621713115
38.78444802913878 250.7837533944995 0.6427021048105814

41.86072737836267 101.91146115109517 0.7200075998842124

53.37575330175563 132.7943344825054 0.7189592546171184
47.81245047404794 78.99361899292283 0.29996079753914273
44.86737999123617 804.2190063944346 0.4737786305304894

44.0467549991008 157.31376423390057 0.3605565052517079
45.10453382799035 110.72532556027528 0.3406933255029685
45.194017051912034 146.71581403628406 0.45363078075092744
42.839220365590364 113.62692767885501 0.506693775099194
42.23355282122054 598.3514679222446 0.25375513526321924
40.84277499449613 110.44817170125975 0.4609142207221737
38.59918238297119 649.0392923956541 0.20812274098702233
42.21175950020339 77.09094555822327 0.46029503545415196
39.02213443826063 473.9064536720645 0.23864113344919247
40.46460994435133 252.3225490553802 0.7325084851623558

44.00117638467427 307.59491653654356 0.2120054455379261
47.42184917375136 99.03376270961516 0.5583042302791625
44.53920275070648 1701.202042298771 0.49584169297142466
42.80265700872708 57.77050951676478 0.5323846445507456
41.35473621066417 501.509409417126 0.470372639333533
37.67902282389946 573.5973955580804 0.8394168395101644

41.67528268542394 98.78154214086881 0.7321169416261739
43.30204469342632 103.7541047212475 0.3922011137509003
47.6351492745705 82.51935064165619 0.6050952172561495
45.875209941553194 99.75780542910755 0.23226082750250043
42.06651983685136 103.96868123395367 0.4711570560263567
35.27445865816953 579.7331854420427 0.25116321787533025
39.137897450349115 470.55077240002106 0.312333627840502
42.873135539651585 97.79994227938937 0.3873734758310263
41.11649570810619 101.68083613511473 0.41093477562222347
39.16194303827002 152.18194052879522 0.21168122743887352
38.13393941320064 154.443722669759 0.7811705536603029
39.20473799101976 273.4482080334389 0.44969922702003373
40.66613213699512 331.85552039604283 0.16986835313250026
40.9398971930376 466.1515216195802 0.2235970186002021
41.21960154492408 533.5563518049795 0.4100217498237839
42.04464162970957 644.4622298636489 0.34864343424084154
41.235481164236305 437.2132113116877 0.34172711067657247
38.851430038655515 267.66658022930244 0.15834589802122423
37.37462477814286 489.46414556127525 0.36917027105957345
39.03570055192497 625.7126238558375 0.6371432973601543
39.57124739361791 358.1524511982264 0.2779922683979805
40.09708442461234 62.090212654393085 0.26934045381793226
50.33663606587304 144.83943682542272 0.8089389411663603

41.70821789149932 92.5995105999138 0.33783992462434753
44.36777103879254 449.8162469546834 0.2101079706648079
43.125863678399874 439.1736079593934 0.36523247529567016

48.45221558020453 119.18910084708423 0.47415134626518807

47.033650493029 126.06034466250297 0.3459462017125361
43.100519130379226 114.09991608604022 0.8417192417612682
38.18194522970567 441.54592140568684 0.26838009220151093
44.74240573773402 159.55503433610446 0.531687751663668
44.86168575132245 114.75762126077487 0.6145793971705302
43.51694747129914 111.4560580163195 0.5902614694362285
46.04040306321744 187.61666886664094 0.2623407592471665
46.592571232189016 125.24380990592735 0.5754108326997312
42.61944153894878 118.05377813475597 0.3027941144071633
44.74535621493137 117.0589379375026 0.2916637653036389
42.24376202560404 122.92383276354344 0.4337348689786893
37.618218819910346 536.0575972422765 0.21328240214697303
39.84814797683541 122.04695004823105 0.446329201273187
42.89385577080592 332.29679996808824 0.25744702256184837
45.423757586537256 128.1851143949578 0.32583250166209154
42.39689040205457 57.86171470325593 0.4032547456427835
38.50985447475196 128.66777315672257 0.7061455626463271

48.2837160672951 130.85993697733792 0.4213045214641511
48.28817132007462 114.15127447142979 0.4789586010195137
47.5396335106265 216.870300969621 0.3761262203397848
48.13547990446348 126.09659349611569 0.23188478081820563
41.41663132733412 113.4490952004642 0.7938214513249022
34.2773531715784 451.8394031144016 0.18097022367408044
44.84422506759812 114.36248318966334 0.7347961164847732
44.614378132357764 104.29776559589693 0.3389361703414693
42.2235440854942 94.39447248256148 0.3581080437911339
41.827824913257196 330.1870306161995 0.2622260380991861
40.96754882341412 100.51920878433775 0.4001949514925798
38.2105896468156 46.48918264804872 0.28658714169202426
42.00556868115811 77.29685794086333 0.4243347356620859
48.84069761112049 137.75858605492786 0.598016904503055
43.15803119321953 297.22339242562157 0.1926454163903486
38.961900361538966 109.51208087811705 0.41871824283325054

44.29082102737645 383.3498068703525 0.9900519905889667
46.12401319584768 270.1116323277893 0.6221392844857689
48.524265559424876 121.20113611314662 0.696559663760894
46.03995816925307 124.11897891372857 0.3973246703468192
42.496142740366 95.43469441048622 0.5716920744098388
40.46106000093979 109.46172437026718 0.4480812594125041
39.66845210414456 270.6019879459764 0.2761773029407095
41.37490298503797 108.08734294084184 0.4885500110287353
39.991115143988644 581.8598862768982 0.20386919175922458
40.943925175083564 106.352206853425 0.2346381415865153
44.205621651362286 95.29421860273247 0.5499986331890057

43.86847954731495 110.41568843646192 0.5619571511291213

48.43375519836849 97.38614705671716 0.37595340763118656
48.999989474827665 123.6402902811616 0.7198205853612762
47.44116944854196 121.53101252575729 1.058207052759542
45.32943987992548 100.25307697289395 0.48013349471528954
45.65905932716227 114.79881682983432 0.8996589145671123
44.38113422129251 1366.522604911546 0.5430763818521314
43.74726380384654 93.24824489912778 0.5907899873238591
40.17001595591143 55.10282027856594 0.4621943765965
40.064866890946924 118.10885859594529 0.5230936673816302
44.73726857692301 104.70974902729556 0.7868443203873028

54.45114469951638 413.85820269157193 0.6627893969811112
47.35897912594469 120.17735896013883 0.3971794073192427
44.355406018037165 302.30301737038656 0.27117574124261523
43.501874505077126 93.91210838476737 0.6106834038069451
42.99682082762496 300.8794485260397 0.2805291977694253
40.55499219625401 101.99410120939665 0.5859599464078826
35.6532029094451 159.81730101096363 0.26995832568121614
41.235629729354564 96.00684012315202 0.6035717049202845
43.760307536818424 99.88848894721568 0.5504385431076173
42.77430133367416 446.94667079332066 0.5025461348734552
40.33119498076171 1900.3440683569029 0.5686388116713772

42.32067724616575 118.01849471549572 0.6852106062092105
35.824166119119035 579.5431004677496 0.14016395951168192

49.78260464422836 130.56170547523325 0.4330850336444314
51.023558889174105 130.741097279041 0.19329501060556709
49.1818742556301 120.60433086311349 0.8825369934235425
43.183795414101766 53.282690939006386 0.8267173717069056

48.38991615914411 151.97405677956002 0.39932386432585076
41.913731061842306 111.18587189026331 0.1977860034798482
45.02779605780383 111.64465036159885 0.7041175714939527
42.63549872589904 117.82266498445763 0.4147249201467673
43.21872803676262 112.21288967088003 0.4692828034899037
41.71457769176871 114.47046291490206 0.41579451216824737
42.44204421922121 114.0142447191883 0.2420937123876854
43.19089602272872 107.44731730025335 0.4064389874718586
40.19386660639207 689.7305755143638 0.27512237385170124
40.59347451770555 106.8286716395678 0.3496878255097613
42.50516950570083 55.90455426052754 0.2264573369331515
43.74761211775327 74.38066287268116 0.6437156801016783
41.29288014845081 100.2670571200373 0.10835841342668573
42.018050941346885 100.62489280661524 0.7089297562681054
38.949844859868016 606.2101158001493 0.5290610456232514
38.954955188114624 578.0428366836804 0.3429908970356621
38.24399817367554 212.0032274459196 0.423970524765906
35.347066895865815 191.10968542819873 0.3465093169997999
45.618901711724874 158.35612205323181 0.7827023957496238
41.92768186161203 88.34533942230591 0.49457351097942137
42.70785866604686 52.5742481511867 0.38522311254075703
39.79136382719121 337.9866858322906 0.4072144966166604
39.541759151755926 42.28453433708652 0.8772509276106462
36.07802732258956 468.1937010311634 0.4907335605307708

39.71548720465632 99.78355492551195 0.720007599884184

48.428330807030534 119.31367154991004 0.29378612573606233
47.06381012939223 126.0799544750443 0.8937314242813841
39.716936805500104 117.16463205533724 0.6634533725641063
42.356555940217525 103.48806033750566 0.38916020792379413
41.64447879977315 110.15622666632474 0.2741175516877661
40.016678617077744 507.6461074922691 0.22966205665119332
40.15793514722758 593.5759004323622 0.19038635220454125
38.77810590681615 544.1900790145479 0.6008211956341256
40.27822346288601 52.43482763594263 0.5503655906148879
42.35931884116037 108.79031201439423 0.49178901644978623
40.904020864045336 58.67244666096353 0.4697878110787883
41.77355427747588 58.955421665736864 0.399517577940685
40.868556123355184 594.7234610347417 0.2841315435420029
39.530268182528026 54.71302654043542 0.17944909434464762
38.16343475515333 548.0301305111466 0.372057693707859
35.29893954464045 508.86707796841023 0.21272689215510354
41.05548830122305 109.54941627491925 0.7175197648615495

46.07746564988631 125.47983938605469 0.5984971651961359
44.650137137561536 108.90349693784432 0.5348728844927564
38.38878087967671 56.622663295423266 1.1473258447805392
42.70338543978806 127.6669288660166 0.9042524858273282
43.33009029686828 53.5052395102186 0.6886842829275679
43.611734085808024 118.55164651969685 0.3235699898830262
46.3788637177791 125.33974368748724 0.365739736776618
45.375036898921174 53.575593047522254 0.40349036438925623
46.844648435550205 232.99320207793144 0.5553719597899658
47.04867604398816 78.55003372698117 0.3581082855869795
46.832263466322 94.38921609139426 0.3762383457163878
44.06341925070597 91.90572316384392 0.22692877483240181
42.59011829583698 81.40247103492997 0.40108935691563374
40.6404130037811 681.5650342268369 0.4860339814662211
38.89836331945947 419.4067166405331 0.4593469805180348
37.29657663890206 484.90227987221243 0.6661348878344597
34.277953681076845 488.3995936862743 0.3024563204318724

37.51588384886105 422.9292390292774 0.49171250723799176

41.07117628673285 53.63991742811106 0.8780580486392182

50.95369070079079 207.90700800609497 0.47910602083237563
47.75509892721294 140.02084397421626 0.5982414872925119
45.2339293483624 87.07698883215745 0.6181472318168062
41.89565113318524 92.67166548343562 0.4555013816157043
44.88020661655382 336.4934290344749 0.39148311306615824
45.4498365123865 113.20061526482233 0.24760306070953675
44.40112691173189 105.47946461778069 0.2457887362842257
43.484378308790696 99.73048836192913 0.4896049368709896
48.88586210786418 305.73912564854623 0.41631129625784524
51.61645148275463 141.90861785114149 0.8555613648819076
42.35333705209641 397.4689028047132 0.38319385734348543

48.79077335680112 152.04333543558727 0.2471609782462565
51.41343827275609 147.08566907673898 0.5540060097148967
46.79520343090697 109.83465555599932 0.3330744319309247
42.14426454537555 107.81680569696316 0.3289051746965015
41.968293626827766 98.77454953592421 0.41979980500696
41.35051314778068 74.41912396211099 0.15172933674915612
42.9009391453754 178.45498341920737 0.3168097723392407
41.29440362645807 5.030804900766617 0.5583060257561101
38.50460139702712 110.32090585010465 0.27210493051512685
40.732001248963265 106.94568992267462 0.31889233451067867
41.63257565979834 54.465307303007364 0.2422618984270457
40.213535882871 595.7565951413018 0.43185098687365553
41.616765748108776 400.77669829996114 0.37368872270394604
40.92469936096083 68.94062019019877 0.3605121691105069
40.7735495091191 174.74939103189928 0.5286207683264479

45.822398351110465 204.8375607836 0.5619571511291497

42.266638130017476 77.26092429113193 0.3330729418104852
39.24939569370935 526.3171186994916 0.33425117515537295

50.86045899427207 140.76670981146805 0.3574523641152041
47.39592046779206 139.22766457128867 0.3068322055771091
45.710685508057104 113.70770719771247 0.548659117232603
45.434868969958316 100.54342291159273 0.3301777092621023
42.87720866918629 217.7343275200032 0.44019992912046746
41.18440973484612 66.61002824124661 0.31116614928646413
41.770649110594434 94.32418038113192 0.4161309705644385
46.739295233825196 127.57440716717788 0.3083753409177348
43.15890828863238 115.92253362468647 0.4817002399370267
34.15487474710033 17.54570986667573 0.53870158293023
41.61142344122823 121.18198210389 0.618516978412174
46.445147129921416 112.98347188782718 0.2664924555098196
41.83783531159256 104.15194860182307 0.6297375733478816

43.31276964408153 190.2116880239555 0.3687843804284512

50.056208527760084 618.7504804908039 0.2977637533496704
49.64557688093353 463.21903309767646 0.5618038410622717
44.52857522366292 104.8947938147684 0.4834382648959945
43.04215617133233 210.03373208237554 0.2635212921313723
42.29574273887186 56.06583025529883 0.2162519522245816
41.555060282708624 57.38226978167622 0.315328653811207
41.0811269449839 589.2808240543413 0.3668023996288525
39.35289204203711 144.2658960100189 0.8463118158418865

36.0604631176323 374.91723255140266 0.30196358043957616
40.79526963451184 61.253053565531125 0.645584721197622
47.2399930534938 494.3248828780246 0.6856396688318114

48.993130121230784 153.44996265617874 0.7024464389113518

49.77898271377843 119.16271604299712 0.5443959901563176

50.3241151414769 153.4160689280182 0.29005348167055445
58.23452835353865 149.64416728712567 0.7333809732198233
51.955901066800635 109.14622200006447 0.39901958390521486

43.76279953523223 105.03240236249614 0.6673241169658581

44.86011164243299 116.19564540012392 0.7089945135572293
49.414563350382174 130.17448195809612 0.4515809579340839
44.26632070584073 120.24922600652462 0.9162928225933911
41.68794269645689 125.04504364438378 0.7462115082279297
46.879562376079285 232.71765812400648 0.4244010766518045
44.477454931976574 784.5291615356211 0.18883936214058394
42.93447595093475 74.33680796378944 0.35034627717948297
41.720159194445976 113.72537328009773 0.6387460199848647

40.515314832222906 48.96861705072806 0.17519247465622811
38.75707240998896 105.17789151918488 0.4218869947928283

50.56983159881637 130.03119054201008 0.3037716392401535
50.924732324254116 135.43106879596496 0.6395339024563214
45.57605009920851 92.59053902185757 0.7786484750310478
41.92007593397674 98.61477308903771 0.5091668696822467
40.36521594750132 104.26692773667168 0.6560908963864449
47.041394314809104 131.97964702105872 0.9270354584264169
41.49649942920599 111.86658597308724 0.50490180567067
33.85359649778541 17.28228459688751 0.16642192522607502
45.844631090130825 118.61272652574618 0.573234773412139
38.974893362505995 625.7270791579742 0.5303461121733335
33.716236044226896 116.88977758713516 0.32285103833515905
40.1375878164143 123.20016791995742 0.8923539877955591
38.97080742255894 6.45994094814265 0.3397355816715617
40.38554945976014 352.09723583479865 0.28960852314673957
46.96138692831609 104.53271466889169 0.5210495961517268
43.37656269345203 87.39501250871311 0.424950679962933
46.00972781708482 149.22519852772948 0.5562782001749724
44.59539386571873 119.225676884419 0.7402201723040776

45.16412910931378 339.346817643672 0.8076407195311504
46.13568837499117 578.4565918282251 0.4712575006688553
45.1425761827154 145.84438427238265 0.5299013490132438

42.05278460381482 136.05217823563646 1.211720099764193

