51.85394357510498 107.57941827202065 0.5192090218215282
54.82960850760436 336.24808877057234 0.6185119823378895
50.33151462611775 107.52015326982695 0.4331828852318562
48.88426175062684 99.85195941495468 0.6944858760980139

55.661051445235735 157.80187295712648 0.8080143249442768
55.31692496726448 140.28100402589712 0.6455788197596677
52.28472026682241 306.6785012306154 0.9171635866220536

52.62707691752574 98.16795109735027 0.8253745657209031

50.99022604354216 151.53462643432673 0.3161008975101325

54.043756865697084 92.70166087546177 0.26780770483497385

49.85124021521864 105.16787161115842 0.8826499899936273
46.07631822568734 52.25031765672903 0.7471300457542771
47.06638804169004 85.45786911594844 0.9023427956342989
49.39974795197601 92.05755763140849 0.49298827565960757
49.891508655261646 65.02334403340197 0.38073023288548136
48.18356238947506 114.77217898070592 0.10892474942811425
48.36026144296403 54.86422669878754 0.41567836539051406

61.577204339767945 185.94656149676837 0.2593261494015806
63.74631112715417 136.74797323310187 0.40417925818718814
62.17421930604314 209.5670043229734 0.32267883742020587

63.41122616485877 190.107296338219 0.5395051192807543
59.59098659708518 146.71356020626186 0.3072150108421141
59.2392186316096 142.69893467238916 0.28267474505955903
54.467994271907116 116.15184871715684 0.45098025005763276
53.147205519992134 122.15159268790421 0.37195091407563297
51.902864212676235 95.18193744309879 0.28005610992216035
51.77512146056617 102.72297623789225 0.435299436577516
51.93937119023888 114.63476042611208 0.2675520006615706
51.528628495710045 102.95840593368449 0.24240195986998714
51.06026609320736 98.84470242024962 0.27541887077543237
49.95374328434771 96.85596826057464 0.1554703635542154
56.17825045668391 315.0294950199544 0.9924390686086824
49.45807557108556 101.38280788248723 0.5016168322984562
48.43548274251336 584.6415779586936 0.5920339921303928
45.39576158609511 611.8783234527963 0.16442957572601458
52.11763557867383 106.38805744295014 0.5922942418578927

52.59313073784269 115.81609080383696 0.5619341119966563

61.294741202332226 127.93458335349762 0.4956934640708077
55.144454512472 134.52253528908616 0.36855004906558264
51.6036572653742 106.2711756639898 0.5019777577868396
48.8163646017778 134.3310839136406 0.291711662715052

51.131953633187315 132.54094254043775 1.0530625313858764
49.380192780519906 125.72610564875306 0.35137789939704334
52.74932864708632 112.55105174717522 0.5215248092304421
47.576471088215435 115.7410784068345 0.36725803067032814
46.15100143785495 52.57576466667674 0.8178956217303579
48.57710226644124 67.69703952504958 1.0001389339656725
50.21523543844982 77.13816753880823 0.649711112896945
52.69949287635653 134.0245110191886 0.8446414106164824
59.497742884415025 121.6143677674239 0.4310605678480002
60.900159432650305 159.89052802779761 0.177508685739852

51.875916289104914 137.60565884452038 0.400190708119581

57.3647268045644 139.24839280897598 0.8236274999832531
49.79840453470731 64.96065105755818 0.1597163065337881
50.765695053756126 134.30643663709404 0.2402442172645891
52.51654200127677 121.4874877845978 0.2712122824032335
50.140163695903325 110.40589633123525 0.6156505311917613

51.18806266271355 121.67900489803091 0.8502938495000763
47.66219989239197 412.79477431856367 0.2967365055877238
46.9227329381706 128.58633472345758 0.2983902736326627
50.97784147940927 111.76423700170103 1.6131797833363706

48.58296509526965 55.25081247144211 0.4855306115465723
45.77763377497658 73.2678536837085 0.48899822640574087
41.67523972429507 537.0826267053271 0.2328517138251982
44.750222242307174 294.02557052281617 0.37908975541084544

49.63525439881691 155.4422924551069 0.6575539420234122
42.17653220411743 93.65657038751938 0.18023286533472316
48.19369055955941 486.4049152922095 0.8392453217649418
42.54426538021708 378.43310426059713 0.32635753305576287
47.52206581849577 78.70056006831047 0.5577769029840596
50.75083711550092 97.94119185875921 0.4258893667070467
47.322070956921344 52.7852110480942 0.5004565137402466
45.604381195296526 54.31247009985996 0.3643359355386053
49.363849213256124 74.17658642045808 0.6251047318260135

49.06585380209983 98.64334747572697 0.35731313224962946

62.75651496629516 137.19451803009676 0.58599353688939

55.80956911022432 114.71863156824226 0.6002860621793786

47.634923592115975 671.7094006488492 0.4068460089599739
51.89865599570512 128.3305920839606 0.39789293710190066

57.05898068597374 385.2078143718121 1.1005244473288514

50.400264854110695 119.7406192662781 0.5574084863094129

49.05252287432196 111.66174397397157 0.7146262644992589

47.897009606866945 112.9460094393608 0.47165333456950975

57.98651800845248 740.1548621177259 0.686041213919296

52.27023766679149 128.29873039705333 0.3430206069596409

58.296249692371575 167.3624617268688 0.5542475743967685
62.36323983272258 164.82291029916408 0.8750049546017493

64.75766632436888 216.8878069481062 0.3292179919813236
62.182831818709275 199.71662857972353 0.16543052371055467
63.050090466630785 151.55843416533145 0.3076103593523527
63.76035340514573 151.2958221213951 0.4210840098273252
56.30633361682013 117.52356166180986 0.5481846943357596
52.99084633427291 120.82046963934029 0.658452556743228
47.106587780287 88.81879134488378 0.2672654640514196
56.646782115911144 310.88529074820946 0.46995507477363674
61.394926222024004 181.42218539439867 0.22844743530259848
68.24066210782827 186.32503665628144 0.3362193116723091
66.18266140650962 128.93806111515357 0.5415976399550573

62.78134287926464 148.33871742396235 0.23218799132618528
61.7322950202898 185.00622652185777 0.5778468888152446
59.315381702122025 163.2746278182477 0.5201063543672007
56.9071575132374 123.68664748649337 0.49602675914010774
52.866353569797155 98.95220359490864 0.4298331926122074
56.58496557056123 104.20949550816091 0.5000229532208493
55.54918098360509 123.08721085384474 0.6313043542446906

47.96085100254579 141.1899334380861 0.3144355563796779

49.01254731098615 112.42998264866004 0.37259794514008604
53.231830808022025 123.21042514983031 0.38570913240508276
55.36134170165937 163.46250415724614 0.8066387341375361
49.17664396447665 118.26244333609941 0.18079447539030014
49.84381602873545 95.0974454689126 0.6600162202861384
47.69173191710352 97.03555144995038 0.26145641679372034
48.14925900948185 516.297195587437 0.2718937293168011
49.59051703459669 107.52051819802362 0.25724156192285363
52.3614992729526 109.46025897409577 0.25470850402845713
52.316810190849566 112.89097062935616 0.3246620857945004
49.24015706818832 77.71940758146536 0.2958506924927491
47.7839510022753 108.2020647372236 0.32528255860012223
48.00806264891981 109.55779943197003 0.8944317274525986
45.92209633731051 51.13638802036795 0.95713312050664

57.66480718008124 111.33878127603613 0.2726683304221922
53.13819407581983 100.5809211929485 0.49620980960072814
56.26810470830997 133.60025888842452 0.3936372554380654
60.385920863664964 136.46968198414876 0.18688504766127778
61.615691376648165 141.31644998762178 0.4453161729373818
56.45910726802739 130.04737832342988 0.2862540091542911
48.80333829075057 338.6686204156634 0.7702697972040227

53.01509366685575 140.36621607551842 0.3663138269266426
50.45640901313258 447.45004452970056 0.5627003169223883

49.07220649137006 106.43916350693783 0.6074927661799023
47.72758899620213 86.09523936307411 0.9136513885934789
49.70182872085882 119.74303464213037 1.0086328215540021

62.88521008758928 171.86868909526453 0.4099723275715803
64.2457936047711 190.96321380836713 0.4405547137592265
60.66607069052925 139.4923541424553 0.3592057883149238
57.536828360056695 127.38035850010685 0.6497542299011627
54.1051537511702 117.0288843545379 0.36036486512107047
51.39190180613077 114.83128472220852 0.7741183379282575
47.590097364235234 536.266988168098 0.42958318736641843
46.109452940786724 34.22050494181256 0.6852675754678614

46.574675246121224 139.78717861586705 0.4031915019336907
55.877139719419404 154.7741243165138 0.6490619788063441
51.29867310343385 123.79868525246081 0.29959539933058466
50.263671546856884 126.89960542486538 0.08198296709429087
48.88111954363129 472.0360709056921 0.5765589794125106
44.366719738413465 614.6378060147895 0.3815494030855291
52.828668373152205 140.69909279603826 0.513187477545813
57.47861637025222 205.30888914242743 0.35322232735074977
52.517991569174804 113.85336687309291 0.2616178671566445
51.96215520216435 107.69381165380138 0.40586692652473744
49.865432247955354 52.20695064418217 0.14728098872748774
48.682579207800885 95.3211201553999 0.6480057649731634
42.320379003790336 246.7333698676423 0.2840658894969579
49.97126592410041 63.06027296869646 0.572047208438704

50.75817746031002 103.13955638169307 0.7429291561402351
51.00420480457897 107.10734492973857 0.9461721806220851

51.31434324907953 116.47836928804888 0.7203346997991105
46.21406954175358 283.3732260458536 0.46594489926968663

45.22049755628873 145.37692276291656 0.4144832334095554

47.18353267152831 112.69943207767122 0.7146262644992589

55.751272951606126 188.38703081997048 1.105604845207921
48.628189571864915 54.20962928799148 0.31661364257428204
43.76059905527836 191.24085258222098 0.3847486276017946
46.02316591753384 555.0982346316198 0.48217961370417584
57.69597774472049 167.39307095764917 0.6095716794488908

56.016541023479746 116.97680789047877 0.3001430310897035

58.59689650088439 145.87866416863093 0.3453171558427073
58.520041487616176 151.8661788622003 0.2871005900984187
50.563440357522005 111.40126547047896 0.38771625569481216
47.42279642800097 122.35057760279024 0.2911085631321839
49.813876791870136 108.19552422058572 0.2834161727787432
48.30992939899003 52.44058374336211 0.3383087876140962
46.97962533040956 145.53949585860857 0.37946595609705014
44.21887836769072 625.786393759435 0.48268276113356023

49.5855999488005 120.69409774254228 0.5046893266381005
51.90384828372118 88.6215305545737 0.5112133636962426
50.45169995082214 1727.198789469616 0.3624804569397213
47.66526033851227 112.59168703744501 0.31224388413525617
46.52676366173917 142.9651151499805 0.2764292004611377
45.97439757144331 94.83362921114397 0.2658919566694351
48.65236544642991 208.92891136747812 0.5434631640513601
56.93760462082281 128.5022274527302 1.1452838419135105
62.552629062554416 150.22528701264923 0.19817093540382302
56.32356656679414 117.48998438742849 0.7947940748670419
50.71980101238468 124.54812533304691 0.3944326343601574
54.8080597019435 129.37313164076835 0.6339359527509032
49.48002386794473 128.9115950156061 0.43783594519572944
55.548429008324334 132.94723811812818 1.098133643950348
53.31005766776079 1983.8245502371376 0.2099937912755081
52.2238351095066 63.78697820119754 0.3839441444158922

54.92780228749818 125.14369265826001 0.27480525365794506
51.013741473776875 119.43330532735595 0.8954288649776458
49.96947830062123 116.9585455058168 0.5712434828537312
54.08997028783407 113.71206684465216 0.34866134121838854
54.96180626052071 110.70113457938795 0.27225419434569176
50.57544092608219 109.21737095306996 0.4004350016928129
57.03374385439533 138.46980280613434 0.6362743523320944
59.23823011646117 137.42124956566764 0.38197742875311747
49.97246046845162 126.49237578898902 0.5933561321257912
45.11524724791491 467.6916947773823 0.5709173868052346
55.325219518315755 129.84294636256107 0.4571440552466015
51.648063666955075 110.80245536734252 0.4378976023209873

47.98145298931183 387.1234256560741 0.25381591175943186
49.97870158028494 96.67663326025561 0.6814968736766502
45.7777579321157 1932.9410721987383 0.5996157919132656
46.3097516723666 664.6885410935197 0.3880169997305245
47.924185765662 108.46662024136208 0.9332999279199328

53.890372087754706 150.1511369441681 0.34994452589222647
52.481523678715355 142.35795700495188 0.5652336255941748
51.78303764201396 272.84490332570726 0.322950795007273
57.233222397102 150.14479278926441 0.4431179420195974
56.81404991924062 135.2816864826673 0.6898172418437412
51.376488791358796 115.71800131077187 0.30179775856433366
49.750088184345095 102.91833212687747 0.3152432960512783
50.19967239811387 71.90543987483393 0.33643433253348576
52.124179378753425 1549.56313470376 0.4316128860243964
52.19190327094767 1099.7623364212304 0.38525514608650724
60.474966890891295 151.3181358742287 0.6365163565430123
56.31194936315432 130.8601981387137 0.6164989882368559
57.46066181484009 145.7278153996576 0.4562495692129005
59.00502778119916 347.88147847163503 0.4491560903485947
52.32653249310957 118.08466256493229 0.2528173761494088
55.299246793603764 126.81101585356468 0.2830740400879961
55.5532215063521 119.16600603565985 0.35306788311780224
53.13354645794286 124.31322010108909 0.17911474315513942
49.365985640387635 114.18021268695897 0.5851988188707935
52.65658402090204 119.76701299989871 0.7467073648070368
53.88857905275614 106.22771511034193 0.6253793037959099

54.927968199010664 115.42198374262367 0.7267619202436606
56.10397634863705 129.37094362246935 0.3689545587011196
55.258343585553575 193.83240635326038 0.6026437309220967
45.96077929117565 512.4673713779364 0.33132448732922626
56.53955675756271 143.26633733868965 1.1247677313133124
60.52166379688394 149.8038869668344 0.5590574024633384
64.91805708400389 147.15875545066294 0.5716260378308675
55.06091932293097 136.47783008804913 1.0005773409990582
47.97194017784444 128.16210808572194 0.7491527999397079
44.41918218082153 161.0868723013428 0.43107212054863453
44.990437445486975 317.76168173640804 0.31079413948759793
49.3388844188333 109.23638909706126 0.2837752234741515

57.57760283049998 221.3733876506786 1.0433543461689112

57.06848667721448 149.78458023489395 0.2979250045960953
57.47308446117058 135.19667974670514 0.3807031223530828
55.05040266467155 181.77181020997298 0.4697788094315172

56.53716906956252 128.30625363245935 0.9916884736634586
47.68406273020353 88.63359027231806 0.5853358321774067
48.66626793068928 99.9824405071923 0.775988323707054
48.25281710821589 92.47972553384318 0.5809809041626011
45.44862749556129 340.5923859997658 0.5573959018712458
53.59177008385148 99.23910668973242 0.6248578479340097

50.93483907903383 132.8701172081795 0.5654912745187346
46.91376786205773 89.98516629504697 0.3056128226924386
45.426815323120906 553.5725946124129 0.3251136137486128
44.24620422808697 1853.638528787099 0.6225058523743314
46.655904462474766 93.31037368392694 0.5298986160721881
48.98419143955657 634.5096267527595 0.17314842550172216
52.70275191561258 103.51907954287411 0.4059989565070623
49.50424228283378 290.8468975776683 0.40811725910251084
48.06168245858999 1751.7759908620928 0.2158528088000935
48.96642976402653 39.387808618063744 0.4101861402458553
47.92735907741971 436.4588404262727 0.39472329451331234
46.33635718513182 241.32175456008886 0.4774654997982566
44.95021430460197 595.8171814195667 0.2540244393596538

60.04173104201797 105.08392740051109 0.26508087926336543
64.16000552255986 154.81057160434796 0.49763131143780015
53.79138659506961 123.28537330503697 0.5967990664533431
49.324329260136125 108.87953891638718 0.5970267640260261
45.67393626246681 269.6455865900923 0.3599720463473375
41.800280949104746 686.1939937531813 0.30226347599239034
45.48946225913851 560.21618266091 0.5766138540107875
48.38655738646521 382.58907071705727 0.1838414173035119
49.29057208609677 97.80149907283085 0.3332591978420112
50.03754946394463 1858.3449706588374 0.38880373551296543
53.397222280912935 115.2336483478763 0.5236058325475028
51.130689015049036 121.81801904721533 0.3142926622823552
48.0381770006048 99.6743680286581 0.5113868726826354
52.35236457343111 137.96373004431857 0.4484944237782713
49.984793148262625 609.5047836392693 0.25026882432894126

60.14995025099972 132.35577608136225 0.340399502370758
52.41030766345967 126.58509967901603 0.7550436344155571
51.9937492034277 113.39573746542574 0.5045753080061388
47.414162962450575 57.11034909808968 0.48434977542788715

50.56577520200481 114.67630314198256 0.3765859136267409
49.25175539597174 78.03900862244966 0.5160946337445012
48.645874936941475 83.6697479171402 0.6398312953742504
47.74459620959201 480.20763849026804 0.3082395045697979
55.740382156002546 157.728151088486 0.5547406511955728

49.778970967342026 130.59943687574054 0.2958064395223232
54.13543557648352 127.55093046698332 0.34544692479462924
52.63776965498043 114.22501406472028 0.5548655883560798
47.1315715113783 100.52111782569594 0.9258792655433012

47.60290959648809 107.33936193982304 0.3266871226607293
50.25438579638924 730.6787161039816 0.4936738984666533
47.86193603311863 618.378521847711 0.1981634609728644
46.8849694357879 225.92403763551258 0.1830419269395236
47.69374444110976 332.59630091781054 0.2472974950729565
50.62465363790235 141.99068150680608 0.6863349491137853
47.85907505313724 396.02452140891705 0.17338722519374983
51.911386783139214 127.44859745322479 0.568973977637512
50.3434555200081 124.9355109129463 0.4381170940199013
53.950445235147235 571.3392787069781 0.3806689718312555
58.75157635511313 143.05647605562004 0.6161480093783212
56.11572691193085 115.17546784083282 0.1790745700322418
52.75213806254433 108.27057897869584 0.3678898972755178

49.13562361314386 87.46195655807611 0.23259492352775624
48.67807443816493 60.91180226587233 0.4234769058098209
47.52773267062679 61.117236307579674 0.36111436127995944
48.62173718848376 57.66292389161429 0.24286423361678544
49.6649959480136 108.531502060608 0.45743534666917185
47.43174161327098 110.36623031416805 0.21628255443650346
48.06822471272902 111.48916532524554 0.42877995508450795
47.97468728296861 70.73049828342816 0.4724276222210335
45.58237329256646 56.05176802343044 0.49226554583179905
41.74500642242683 40.82079005155227 0.5291611974227237
41.32643805209679 650.8255899037273 0.33992949428878205
47.84334839153688 56.8381081700738 0.5073020199194218
47.602230385354666 103.85386951378335 0.7524751387646518

55.84995977338262 132.08329682166035 0.7860888909491735

49.97521908382303 390.118235393165 0.3661916676622923
51.7954063277673 105.60212991056949 0.6980941288859413
47.460276849140634 122.67273220673118 0.23727751585843748
45.62737325071828 112.29843626773898 0.4328119429137871
47.341112521129105 62.11679963632584 0.396283772210154
50.90055460499465 103.05971478249171 0.28196295463945376
45.59630143790245 79.13208676909936 0.6486271655734015
40.71786177000425 263.6974491358382 0.34666180786845757
47.07538112726924 71.69969431975314 0.7957960090122072
50.63278290666714 616.5893383790872 0.6058523029483354

58.43306498827822 328.39923585310356 1.0433543461689112

59.13340208347974 150.84248078314232 0.74543769354338
56.69974414932167 154.92701150658382 0.7446869537361067
53.13819122557922 138.73280971046316 0.7070007254174584
50.51188590526476 116.78932001972345 0.2635680642030991
51.42688197515452 54.93760840277016 0.3032314105024909
49.7233064399414 73.22445323087732 0.33895017311968445
48.8897659897624 108.05631617258972 0.25618102074477633
48.05570845316681 106.04757315808622 0.22712370805325577
48.85126989731659 54.647001582506704 0.32872227465395554
48.974739683204255 109.0736224385435 0.31124372824109514
47.12985510953038 310.41991201033966 0.1814504394269818
47.2229932664263 100.55368668052557 0.5995347686031778
50.15489642770843 119.24083920505313 0.39319398385868
53.636885641831334 125.05760386319032 0.3079802391520161
51.66950931702896 96.64151658114821 0.39250535447644097

54.887806581298484 117.92682072395118 0.5959846280306635
51.488365041562005 118.17931751144198 1.3068856072047481
47.669336176306956 176.576745775038 0.27883336467985487
49.16753676995837 262.1849638288352 0.6353039417582238
46.92375360034624 625.6804509126826 0.23155843835118617
47.250405650840655 618.794944979002 0.5243082161923383
49.61098504375777 589.0652436681357 0.4576179355587726

61.98855726533239 159.9400277188295 0.2683946400847219
52.60330199429456 140.47336861838704 1.0014918287710088
45.00617898354357 347.1154655820328 0.37660753704346916
49.30430270882014 51.129046367896876 0.6127456002193981
51.23286232467481 150.25510267368605 0.3554086100540985
46.06060422117676 52.987151018410344 0.6440475499439344

52.11394842661724 118.88020721247305 0.6802724565578728
49.133863078477795 112.38038126479645 0.37028330500641005
48.03776931498436 84.036312713221 0.41940589779267157
49.24173499102085 104.09222994306562 0.2567006838954171
50.02140384635664 112.37513318118381 0.22157399849527337
51.76793957038899 119.65549789358485 0.7608368775170789
48.64632067145866 59.646235096909734 0.4512385583320224
49.68744488637506 1758.45954234764 0.3104834851385476
46.92108776393001 146.62776594794227 0.46691408597683903
45.84161204257485 106.1441492966734 0.38985691649088494

55.603213400864085 168.02538903115223 0.296643748548604
57.23598982277046 121.12848945839824 0.5896110059680382
46.25369321928501 128.84300983543866 0.4177982618824103
41.22906467095171 475.16505557299655 0.20937574930837854
44.22518118201245 58.801083040364006 0.8275646434701116
47.89217601563384 110.24097757123428 0.2624465780299374
49.374513362021304 131.86023909696206 0.23005392111497258
52.249382847470436 134.82536439269222 0.37241548072665864
48.55289755271367 141.59046052690545 0.5741833853117555

50.80444297986231 126.46978565919677 0.5288234357294641

45.876628341343434 118.5517062152332 0.7717963656591564

54.80301138153397 128.39142804659687 0.9147216185590423

49.74832313646443 108.6880023371125 0.46342185721795204
48.59113875532055 56.93522532702971 0.18927599124083372
45.96918220688123 77.3206887000309 0.5511468962382082
47.66775217421832 63.564291761981146 0.4290576274770501

55.21538913794556 134.26962424889817 0.5447572290639187
45.90480474444155 468.6952138282176 0.2745583725898655
46.4078283410393 245.57877074504302 0.43842662386487063

58.899987795337765 140.18759057962538 0.2157569091153846
58.814331095570424 147.84446554416752 0.5214882252198549
55.316605061850126 128.9382676112129 0.7788024184207529
47.856260904014405 472.19913574829525 0.327047424633065
54.8862096059404 120.65737977076849 0.6759638285691949
58.1707010526035 119.48382802702082 0.4789411358265738
54.139825430055666 101.78031798185435 0.6853904487127807
48.09156543956367 57.72723252382859 0.5698103216341792
53.036438068410945 119.16399677643398 0.6625966450005763
51.255664509604124 117.94453930888861 0.7276023362680917
45.126559318138796 645.0443936370887 0.3060071082550735

58.107472279163304 139.22754600114666 0.643163638049316

44.23619111787493 455.42811864229805 0.6611190219067566
43.552287606227274 104.28459743836231 0.6252082541918753

45.34159026019956 447.6833673279607 0.39420539704781277
47.911127556230504 678.9163950185904 0.26988597792831115
48.23951795980751 649.7653956365742 0.37926297119275887

53.946629733974184 183.92342648819047 0.3299814500194316
53.03089305995745 91.0669353114141 0.5571327496397203
49.688462368981774 691.3744691118498 0.2713234615663396
45.639065484959175 239.59447421529134 0.3994475953828669

50.856170394485325 123.74432191209264 0.29955584551453285
50.52944414014301 692.9628151945782 0.44365546956470325

56.326830000586426 187.2178490577826 0.8422775967385974
46.947301105153535 65.97053236123385 0.6437259678193641
42.27858470371685 293.26930394867094 0.631167509328975
44.94495677727922 318.4106898986962 0.3931570635962771
46.24703292008876 485.09656484957253 0.17150766993188427
44.447997819968464 186.0529948711686 0.7315753034677641

56.85898415410254 125.56018388624436 0.6574561633393046

65.36812297103963 300.82775329868804 0.4231405228206313
60.20342322412641 137.15445454840352 0.2569494664961667
60.5860657979307 139.6881845791524 0.5076529678967177
54.75888528571359 123.59871279740929 0.22981537529034313
48.69455589538669 84.26627934432042 0.5547280873540217
41.568833569917516 166.89303826173904 0.16951360954010397
45.91603836898794 110.62653368427738 0.37426173191158796
49.152424454167914 112.18888683408935 0.35220384333524635
49.51810689613258 125.2246246420794 0.44780495943837195
49.40108608542877 641.1620384475735 0.1684177647711067
50.72441281662209 97.45730629955177 0.36889092237328214
49.45367028927345 112.26768435402637 0.20554824275978945
48.08174409318929 67.65736844487623 0.6004357505477174

50.110556513075814 1889.433410342884 1.1148169726188257

58.28382739714419 123.71745604346579 0.5092485107313109
51.667758617855725 124.37388578036597 0.7056161389173781

48.348566297607185 378.189108815678 0.4271490029228744
50.237559658744956 220.19970505603914 0.5497093906128043
41.07915472663424 405.6034067162015 0.26659130000115283

51.13476459570824 138.26537556319184 0.7432113110795058

51.50593440725777 524.2801912220165 0.45428375358608264
48.0246392686551 54.54994574137943 0.25233329977589847
45.68871643545867 526.8805578212041 0.30349469724279743
44.710240577080064 341.8009893491827 0.5167197424124197
43.897270900677135 67.95717248120637 0.5204127189369956
42.85175079680527 564.0170571286606 0.33960749862802686

