1.9222119066153334 2.259377714244354 
7.106258142733063 
8.94855869289528 9.436878038997953 9.512137196004632 
11.262122224302566 11.53974146778887 11.95286194860589 12.599494916919634 12.91906971688247 13.776189522641761 14.102136077948451 14.43139042345594 14.722907384629949 15.169421378190112 15.31654143412271 15.990838831819746 
16.899676024258802 17.238149837384213 17.55945797679917 18.102265457279643 18.620113708128844 18.849234634319412 19.618187586676424 20.340364296629375 20.71481387129297 20.916377964114332 21.416179833982635 22.045812288492034 22.572202451869273 23.424976408859873 23.702359420384962 24.215896400338977 24.609721432311662 25.070861843391903 25.43058481616754 26.158751035062366 
31.406899405343097 31.62222173092921 31.861498586366068 32.50456271653232 32.8719701956924 33.37081599196033 
42.7377653497775 42.90179876482958 43.19862031181864 43.39659764278719 43.849915086238376 44.105743732371685 44.579345056535644 45.019548675551704 45.719040668345734 
46.86051613157677 
48.456898249044336 49.46129245820905 49.88371565960388 
50.23141929679182 50.525515610921104 51.214390833784684 51.83385780770111 52.093941918905884 52.64050918038397 53.00080358643772 53.36208032962916 53.91799943928105 54.63225404527628 54.9797498704922 55.53316690143432 55.90295013631605 56.486640579387476 57.36446118267878 58.64673498502368 
66.6566604561727 67.32600633580294 67.87798617776494 68.5033832016658 68.91393392279157 69.53764812283082 70.1195863223664 70.48563732138899 
72.59806681994334 73.0814709306987 73.45954644407962 73.79482520587703 74.09283627408577 74.7529994377758 
78.1639728562554 78.49533130899191 79.04505240886707 79.49499000001781 79.8549977466829 80.70803894221253 81.37621992135996 81.60071460342999 82.16763046983917 83.18407113619767 83.45203866089585 83.60191651840081 84.7388728994661 85.00620839765503 85.63859292335555 
91.12738104514028 91.56711993494723 91.89255812504588 92.59083136466482 
92.96208498842596 93.32466267783998 93.90174180828572 94.32938630097056 
97.63377962396658 98.67474476073063 99.49067616412484 100.02092274245655 
101.12858881949248 101.62521045888177 
102.1812266333186 102.3713737841129 102.69644127822167 
103.25839842935079 
104.68272425844972 105.15043769057952 105.71851420957981 105.97860242683275 106.94355093951862 107.1920984872547 
108.15796234075788 
109.18297642015591 109.43333526928497 109.7888521991376 110.16833275070827 
112.25891558102698 112.80698495994459 113.20501539465623 113.62175708747999 113.94910588838316 114.56719777091202 115.04468707199572 115.43668104254384 
122.68409736177932 122.921093131285 123.34900757198041 124.04976226326785 124.52252674199856 125.16156628942554 
128.92542145205582 
130.18982504209634 
130.7405871728956 131.44074324185138 131.55802265418626 131.97516647913966 132.3834853271373 132.85134077594967 133.40351750011604 
140.7281932402617 
145.26565983341956 145.41187242364228 145.7493514701025 146.0030035726755 146.25011739599373 146.5317742446337 
146.767379276125 146.9467340517445 147.37209069278407 147.74519757006186 147.96598203538161 148.37549835253765 148.5426304362474 148.83428799063847 149.3179025664118 149.56487376346627 150.06156760016353 
151.48402163895912 
155.77480714663878 156.36612155731217 
159.36739420649423 159.90343164624932 160.24000863148746 160.72883842963435 161.43408421818674 161.99791597992376 162.52625164697128 163.038907197823 
164.3965512413535 164.67345927612124 164.97932906842632 165.28833819414294 166.03002260584137 
166.78500870555186 167.0732650648153 167.6335996353806 168.8521420294241 169.2116890077649 169.60191876575482 169.89353991102485 170.49300515812348 170.7927946902643 171.57257241425455 172.08366230209256 172.3891870940746 172.79035362081171 173.45471976296338 173.72209815492806 174.11069490543704 174.49947717884038 175.1295007484373 175.6003998068617 
176.58382482133769 
178.20871232349603 178.98879281631417 
180.02696397263838 180.44264185696835 180.85947818645792 181.31050563553435 
183.11411520269786 183.73012496046292 184.06366329085878 184.38604532346258 184.54084056611651 185.0510329227376 
187.80310930231587 188.15161841032872 188.5118820512106 189.19890109862226 189.70242596359265 190.06541178902842 190.50827634587878 191.24687329056766 191.69831867618637 192.43869576263222 192.87803064391878 193.23246330459278 193.47389196708178 193.81968891583423 194.31141570997897 194.59299423067876 194.95315144226615 195.2387643788268 195.52820078291754 195.82718455910933 196.04327300144325 197.0567421281396 
198.1116830355938 198.24118509960283 
201.52144960477108 202.27840491939332 202.74844307612904 203.0375909841683 203.52949376313921 203.93263868470063 204.33463708855865 204.50923669030732 204.781534820347 205.2084668671769 205.781394604851 206.37255532706865 
210.71638433094842 
213.01689641838328 
214.01072719585008 214.3121581759785 214.80813483760738 
220.75129407146662
223.75807531869057 224.86366093954874 225.15163472279843 225.4178791692212 225.9133357209964 226.4655298836455 226.70382559384643 227.08507190144337 227.32593815931668 227.63973779149785 228.15643445544643 
228.9853685767493 229.52696435060642 229.9461332742292 230.44697301273425 230.77451809222748 231.35719657503492 231.7761871898521 232.22779096235175 232.40840055316514 233.0691635478125 233.54782902363 233.86989771597518 234.0258303279676 234.46987074222957 234.78166487907936 235.23173383886942 235.84822296152635 
236.25563962118662 236.8667702979479 
237.33004777002805 237.7927113849299 238.11264579769002 238.66554831644518 238.89704650087452 239.45565079378636 
241.9913629489764 242.90884971598192 243.40691201266304 
244.35521470519345 
245.7839394837002 
248.172257375999 
249.2376863061849 249.73311084290384 250.36613609405563 251.00468829562493 251.42664686194536 252.00710680337815 252.3720546892027 
253.06050486640268 253.35279266078228 253.71986886952428 254.14493476499678 254.81041041233078 255.42769669846732 
257.49991369325596 
258.90435104193125 
260.30924391975407 
261.49371952495443 261.789595458856 
262.20667303195967
262.91350976111426 
263.3221689135711 263.93191278476814 264.2853320188142 
266.1549269742041 266.37142246468943 266.844159532271 267.4777785081695 268.0548761571524 268.5205993402765 268.9871324975781 269.27605971886794 269.6054376721634 269.906309182059 270.58883107236835 271.17514595894 271.59740760254925 271.8926735341171 272.32873516220525 272.93625157374646 274.11458942773305 
275.6072881104198 
277.0164352755261 
277.57569953776624 278.39830800895766 279.08705210518076 279.7429237659034 279.88283750493576 280.3890627015728 280.9852576553755 
281.94940072277797 282.46816930949734 282.8723638055137 283.1333941202431 283.73152503598874 
285.95144452903446 286.338042507211 286.67538797923714 287.374026518385 
288.8480709462257 289.09838446266724 289.57011044815187 289.73019235065357 290.32616625941887 290.60904936578675 290.861141282428 291.41527644366136 291.7331899841644 292.19412826471734 292.7087300119243 292.9274403170146 293.3429303153858 293.5377215691633 293.79876995168183 294.2507875036315 294.81999882728735 295.3831065498583 295.9981094857109 296.3721355801016 296.935695970933 
298.1455813884483 298.70937322918434 
299.62420187389154 300.1253002558733 300.76732102221075 301.04236679578986 301.3340636537914 301.5497925275097 301.87362712766827 302.26693548957655 302.41577484412755 303.0256271369776 303.80586256281237 304.1117775352598 304.6425494065648 305.1535104606458 305.3917166098164 305.8032821761676 305.9909968149335 306.3664033389503 306.79388760585135 306.9836050828032 307.5754668217426 307.8016961981365 308.2808430212013 309.001191208277 309.47704474620963 
310.8562174846335 311.3901394472594 311.6896921961793 311.9701694732078 312.2136124181291 312.8168007008944 
313.12373634678255 314.10797939195425 314.37605684416457 314.63412526660665 315.3696251042624 316.2040842885397 316.557171925836 317.2085976327554 317.6993408730242 317.9622695377299 
319.59505047516075 
323.3929080963649 324.08630239673323 324.26486905688773 324.54462771983316 325.2947968035467 325.5693245610382 326.22523436232143 326.77501016651735 326.9523985476525 327.4852424297297 328.074439089789 328.37891159598155 328.91016485462785 
329.7531005809647 
330.03103884948786 330.2613059145224 330.46067115252976 330.9135951505526 331.28256385473753 331.8582157627766 332.14141847225244 
333.4436561109726 333.95670360333014 334.3987764494957 334.91686334115246 335.10856074641316 335.6747453936891 336.2274998347442 336.82687924387596 337.4276843672891 337.9063644844599 338.49493140323216 339.10597225997117 339.264926205485 
342.21520124766397 
343.3869924187867 343.6255988494578 344.4851844813205 345.04650683325497 345.63574802456407 346.2148054561029 346.6707758023173 347.18500980085827 
347.91360490581565 348.24634614114706 348.7823298845217 349.12533742659593 349.6435723360074 
