4.516651917828082 5.231801375234436 5.427127298270665 5.867414955139055 6.244419450962226 6.44826868280584 6.983330015923567 
8.973556845365772 9.717002813573236 10.14309401436397 10.36131171880709 10.5860894556967 10.844881321760518 11.202558481416697 11.783903148097231 12.626575311848008 12.85533518820522 13.152017955736556 13.797060473364215 
15.156732697920239 15.564677794556784 15.90938353609829 
29.05145272804231 29.45603501468761 30.386781439261437 31.138232141291134 31.486631730574228 
32.113815047256885
32.49138000817177 
35.93826074502983 36.511047442599114 36.701686707214655 37.30775666856601 
37.90672218250344 38.17314102582954 39.233390281505585 40.38095983880341 
41.09992986783097 41.376012195673404 41.693606707576905 42.19923896357064 42.77315621585427 43.25372835839857 44.06990059029037 44.60009118926406 
45.996418344961434 46.51337152906012 46.95094056006885 47.47136424780152 48.06005798711664 48.31135909841885 48.735883959079615 49.445935566206536 
54.61010919391223 55.056347764763835 55.610857103214826 55.8171663270526 56.32581497736117 56.64256689511225 57.26484599806595 57.79994981599144 58.419688823299765 
64.86833022905601 65.71850754989141 66.55630527065361 66.92057740868508 67.38845193273642 67.79479447950894 68.2614088609151 68.58303354099718 68.87641641745384 69.25045468472477 69.7350900362964 
70.52271080528728 70.92841034330824 71.2961401042755 71.51713527987086 71.83706852223423 72.47976739433413 72.940905740262 73.20917577187254 73.49909815110324 74.38879769408449 
76.01456833298249 76.49043236237088 76.78348074554722 77.27380918953563 77.53837715872864 77.94489892386211 78.60192765408026 78.89592874492999 79.30615860913754 
80.93934657960656 
84.3567892308851 84.6703001300539 84.92366458518248 85.22979085087204 85.450997974912 86.31332422627109 
87.82358406993062 
88.79480374535156 89.2214580893512 89.47191394104476 89.71861320054727 89.96210894408203 90.6059831731928 91.02456357638283 91.62539313620101 91.7829286486658 92.1502975775217 92.65735605443877 
95.20372439549261 
95.53973994002288 95.97979353118834 96.64208290617634 96.84026520303733 97.19047558867584 97.87328325234824 
99.03231987655207 
100.03539692921699 100.69257368530705 101.3016033543982 101.68535362398113 
107.56068861985196 107.73556325415993 108.31397643231102 108.71580486843592 108.87049152934632 
110.87748543924558 111.21172304668957 111.71835454038376 112.54077417265843 
113.77005544075338 
117.28541554539507 
119.27942951595706 119.6787422689651 120.13032362298627 
120.51120695533393 120.96322345200025 121.27075667887584 121.7327123971825 122.32635337440959 122.76602180006287 123.08200153237608 123.32647534255885 123.61391311932483 123.81961403549965 124.18783064939294 124.67892670392987 
126.07071744812761 126.75336184532914 127.09954007392632 127.43976818307945 127.84831165609376 128.1527239902878 128.59197588205225 129.37388380981216 129.7909221812161 130.43978110095335 
131.12001783159025 131.61293070998946 131.98593049813928 
133.91795236579634 134.55380039908735 134.98030957869977 135.52988828459186 
138.15517492529148 138.4543039028249 138.7286972957447 139.48432135218272 139.78984878261846 140.18963870729306 140.39906916388557 140.84304072276967 140.963886748188 141.48575298222752 141.7540600656958 142.33848672107527 142.58164782863219 142.84936829943473 143.12828691201545 143.38896498101894 143.72533592282937 144.21352678142824 144.57744758295635 144.95355932433316 145.13943855364312 145.6222071086052 146.35036949500542 146.95119392340598 
148.25139578208623 148.64544603279327 
150.166864680393 150.7023232047993 151.3018995301488 151.97187831079816 152.61977673420864 153.09827499044997 153.59215721024535 154.10646206879488 154.7273262018483 155.1254941110019 155.47382296163772 155.79492132855154 156.3863716210272 157.3894766668414 157.742127416696 
158.56815202135567 158.7986827115014 
159.32136318770412 159.90701825189862 160.69045338106963 160.83976452086847 161.26628635934412 161.62558621175657 162.5708099481618 162.93313955603344 163.3110381442987 163.66947321420338 164.16011036573934 164.95606908743895 165.57245705618686 166.28632888353 166.61239192277043 167.03140567721562 167.78999712956744 
171.04147132085092 171.44275117654902 172.24594980065248 173.05344807859763 173.61169942711803 174.11826363818406 174.82845886535887 175.1179554833108 175.43582056690178 176.120953241787 176.39985886111117 176.86175988609747 
177.69649770071408 178.12440293619764 179.0039417363959 179.9381046269882 180.20829287712945 180.7206271705964 180.88886485385544 181.2056160997562 181.4715954209143 182.06367316942777 182.6907147902081 183.25229191433158 183.63506730027598 183.83591010269362 184.48330374828626 
185.56226436249224 186.1660178101167 186.90740005560895 187.613725414975 188.09937845702635 188.50944701080576 188.77032427706453 189.2775006938566 
190.2360172067751 190.72071059498978 191.11379772498896 191.63122826250847 192.09614949967974 192.88611045741072 193.21371490113134 193.68973374155556 193.88672457078505 194.17539894325222 194.49582377748854 195.23012419797374 195.61076464120154 
196.58552372577756 197.07422976814678 197.37056540465207 197.82347092377248 
200.2168026588952 200.86435304216985 201.2122375315393 
201.83400100600792 202.68737505325325 
203.3371380092463 
203.88582701332263 204.33812418469506 
205.19218678826644 205.93199832006363 206.33315753936085 206.9028519582167 207.45814652540025 207.8231098707178 
208.4201893437925 
209.22918579808433 209.61844113984606 209.99211401529587 210.45569244830475 210.79001783447183 211.3686592073315 212.02022734321346 
213.4188316035248 
214.22664500827292 
215.67847247847664 215.96397129148113 216.24830536948653 216.73268093468263 217.12941364011297 217.550206828017 218.67091699497607 
219.92169025957386 220.53215943833538 221.25386252415703 221.57923888023979 222.23217630756886 222.36854551841995 222.96822871245527 223.1138907210907 
223.58917102900804 224.14282954101614 224.7958863840593 225.39025389724344 225.88603390099266 226.71932652352154 226.90771835203657 227.5735022797504 228.1188215983345 
229.2495498973425 229.59101146394957 230.09182536969112 230.54163733346198 231.48791864394136 232.22899424783677 232.5600485221024 232.99636826072498 233.61546498281626 
234.8734381473343 235.13137064752783 235.37369833244662 235.74473627380684 236.04894435706981 236.60542075686604 236.80141632788622 237.26442898872577 237.50256657932172 237.85759722258774 238.07874503899382 238.8391133350659 239.1403618567193 239.62988952560656 239.924960070771 240.3369851769833 241.02263840255364 241.36947315936413 241.49509068377154 242.1586439985736 242.502704444611 
243.03424537995613 243.2978053033718 243.5377840836786 243.83936433831963 244.04381865375896 245.11931742955602 
250.39083803051264 250.72850462787667 251.2027137633737 251.6729049210892 251.9612349604272 252.4638042242147 
253.3574932955396 253.9368693485687 254.7591275708495 255.2581665260123 255.63722823952065 256.02752239973444 256.5379935699009 
257.12597984246446 257.63706671864844 258.2764740119533 259.1941102608799 259.5268959373848 259.97767559321846 260.5934380430156 260.77747795097696 261.67122801545224 262.1351381634495 262.4034213348111 
262.64977484629367 263.1243405187403 263.3510427507185 263.86707201453675 264.0085691014686 264.5013605269639 264.949789675865 
266.4905274828958 266.8094788947583 267.04377231144855 267.29063828339685 267.73972377058675 268.0279023201775 268.3436820426331 268.9120907530418 269.2375091098998 269.68386125306927 270.3890279186098 270.6986649744048 271.1541592555375 271.3329676615662 271.6838176551711 272.031119658218 272.29040337034286 272.6961910511857 273.242052451574 273.6694858241608 273.8391274271712 
274.71352941068966 274.910147258536 275.3200590748328 275.59412809314637 276.04410380997047 276.41598167119565 276.73263186998156 277.38484890818677 277.9442508671271 278.39511410238435 278.7884394616109 279.67797678856016 280.1532794894582 280.964762023149 
282.3835506918792 
282.98032823438456 283.243479252958 283.6235941340849 284.18268859433704 284.4583635361892 284.9945304995784 285.3978703059281 285.55641632106875 285.8051995149237 286.1803969015937 287.0363981669296 287.5804341175007 287.705549281734 288.77203061098214 289.21170289053856 289.3622181463518 289.7759606240511 289.9524110711496 
293.2187870120876 
295.4575057728794 295.9861267868217 296.38867570058255 296.8341709311891 297.2385330993982 297.5275573125471 297.84937697642613 298.20032159611736 298.67584477499366 299.0261092293038 299.2080865097378 300.0770654605764 300.69256460143674 301.08931172825777 301.5002717274545 302.2027503947269 
303.40818188433764 
303.9174555525484 
304.50016583813914 305.09904683960525 306.10715115363433 306.7132836651435 307.3626185434853 307.6162721356575 308.1887728990326 308.48335740547253 
310.58951429447774 310.90906094360355 311.30032402330636 311.8046763031302 312.3690710885663 312.6634889367846 313.09357140875267 313.44960052197064 314.06941786819004 314.4230241449009 314.6336962706188 315.388763394776 315.5476805294344 315.88783971002056 316.36760266422704 316.5764231154573 
317.59563246526886 318.75782441311657 319.2252920339528 319.6684937312956 320.34285117048466 320.56510168538296 320.93446961188573 321.552552364037 321.76271658000957 
322.4827241798938 
329.7471260572984 330.1692494395407 330.7655124767708 331.46395273697493 332.0046919442768 332.5868152853462 333.4880770902686 
334.28427829266434 
335.4631017819388 335.94633975712986 336.200957843468 336.47819980271845 337.01634132137326 337.33551972102373 337.9008268391625 338.56445163376276 338.818451686086 339.1262703211067 339.52815141482483 339.98892648131863 340.38600167836324 340.8491058315071 341.60728233808004 
342.83743159134536 343.2096384105772 343.60039071375263 343.86726814716803 344.16914352561884 344.37963208108965 344.5464097876824 344.72479040996336 345.2749584736657 345.58635098033744 346.1059799628578 346.7010797450235 347.0051160252313 347.3483044197258 347.68421395318984 347.84149459506256 
348.40505774873895 348.6632617173731 349.072116247678 349.4155227742619 349.86724130135195 350.2788494565753 350.66856420353463 351.0019267826057 351.651235812128 351.8981227353288 
354.602608977146 355.10833313981453 355.4951445020702 356.0077966991339 356.39616081639946 356.97329820085673 
