53.95664833845932 110.22147621897368 0.2797140415271888
52.90690201671687 86.8426651375527 0.6685886510032106

53.20040680426685 50.123216001799356 0.2730832140437589
49.879253688845544 106.55997022118586 0.487817722500294
44.90734548598651 0 0.5561861364148353

55.78854433850663 124.00265849939487 0.3030647986304045
59.2856764594516 161.362978392257 0.4143033701000043
58.9448665403904 129.86222022424778 0.21226874042752186
56.11055831790491 132.78587018768775 0.31880162038040893
49.672400207740026 324.6495667220211 0.6657280164952448

53.7292473877685 335.26130586461886 0.8848715061768759
51.81617015529551 157.2370940782003 0.23613070365660072
55.68036423494206 148.36405649032724 0.42624766628740396
54.52632515668164 150.07736304526605 0.2701884831241044
58.786678803561664 145.75923674132574 0.3925395934959912
61.13187510451674 603.822346650602 0.3896828768573286
61.21362202541971 142.36209149946902 0.3574233982555164
62.05664923373565 155.38272083156477 0.2154579334315354
52.957566042198536 131.5038427505842 0.6004415675573345
57.826999999768255 124.5833890232084 0.6954926859550046
55.75521959290041 103.12696715242157 0.1593824465471272
63.41522758902144 537.0028882162776 0.35093916249941337
65.37345819394182 571.039064045887 0.5174094601435151
61.98273046816592 138.99179765418364 0.3860573317505569
60.651648951894515 134.49347421423255 0.24069890264908445
55.67020788020225 120.01232687114367 0.6029609341893298

62.403374693979934 213.9416831357655 0.4246350962378056
64.76713658019037 152.95066303494505 0.4868392371122532
64.43012307804266 152.5463431521886 0.42934837677228366
68.29429121552742 177.88763916874132 0.41140227425747966
64.86966990314829 148.8307208349551 0.36647826936254546
60.06014261998749 134.23425319014785 0.339300736966063
55.40778581768819 131.39075434908426 0.19013559943095082
58.1368547320134 131.40905407089062 0.6133226465966342
55.4345968063123 246.8970687225871 0.6987324959303685
55.420707615273614 154.1920483081251 0.7957317856580239
47.9999848735913 0 0.38949364670164854

70.60491606874554 490.6982772843463 0.31035082729101404
61.92258973004489 150.96055645989534 0.6303460107487489
53.90065034042676 0 0.5695630056197629

58.41146452049717 243.13994874589417 0.49176980651627744
56.47491367408114 130.84626316820388 0.5095366333791738
55.99213338497309 134.18256252105547 0.34980181915396
57.745925756782036 121.34977090482803 0.30390921086969414
58.32897700939459 155.3395279717091 0.7237083160802555

62.60693906493384 119.19904100398362 1.2820873631523675
60.68231243298359 122.39225774866162 0.3814279326550363
58.64353009486226 125.3812612270333 0.3734419421599391
55.46266043236616 130.46451045510773 0.39390132031734026
56.096667948622176 139.3722972038989 0.4151412188716499
52.45246142104321 117.66189150487624 0.524106744174702
56.21078896766158 127.4585898243745 0.909528044593948
61.665601828028606 142.62467957157395 0.833966175667264
60.0786020042356 128.41374821662853 0.29934484125159244
57.758195372405496 150.45522571106738 0.48868545886947246

63.65520251597791 124.42697378262848 0.34593187765010214
62.66261074916928 141.9795299541575 0.3038310783429523

59.20875839477379 195.1086812171049 0.6323819666234414
53.03197054235475 146.9596242587917 0.8778778770360844

52.459050056942615 143.4691857108139 0.9884935759091107
48.58671006854476 0 0.45609482921057776
48.5249250611067 60.19424806038451 0.7502050803181106
56.01532510158408 154.31168543539354 0.553973864026915
56.76364896564979 122.16063161727999 0.7540855244459337
48.69680144294456 115.95551640547714 0.7753312431894699
52.41770786020615 237.234657935603 0.4969442431833855
47.76579837919296 683.0014913519472 0.3240237372625785
43.859488499175605 0 0.21389103274749033

55.228815098609076 91.85841268686065 0.4672884076892245
54.77669533684757 331.8658062960845 0.40755907919225365

60.959177657682844 171.16773668862564 0.2511754806061006
62.418181110672585 202.7677011868278 0.3307224687604915
60.3757390814962 184.28709856079982 0.2694276703372225
61.842087183566164 160.9784019098593 0.4714891535621888
60.05691429934757 141.11314755620472 0.35495872373797965
59.16479399646163 140.0559020619237 0.3791386548654714
57.339868461082176 135.52205042630538 0.2403341063911384
55.99632893890762 133.2641055660582 0.5135493305801546
50.2428950169257 0 0.40601306310092866
47.45409700430913 65.10817885796323 0.5588409572071313

53.21034163941045 228.7638160745214 0.49230199233196004
59.13799198465458 185.8155868309837 0.3014336806862019
63.4756296062149 169.57453497655078 0.30852950078021735
68.15923741302589 226.07462182516016 0.4138953173271389
65.38301287960451 151.55445819104804 0.48581185977198516

60.73202071649382 139.35684328746657 0.4825359669293263
51.91074512942064 112.35784501454117 0.4833278865738535

50.669512127206794 133.36762948435077 0.35122321945569723

51.076485896214585 148.62974393433743 0.9131803705848256

58.33288386749462 132.46909062427181 0.5166345895233633
61.33449114939628 145.1598737669582 0.12178801649312732
54.50834706160767 130.80196202316827 0.6576256279233519
53.57642820798659 136.1605186925804 0.4973262294456333
60.65408856517013 134.11479992226572 0.35682724304129465
51.99729979708091 117.22731947036793 0.747389854082769

59.347109787175896 280.5618018050872 0.3474681191267166
57.46126447008555 135.2653801625477 0.7413238611859612

53.55322555353855 132.00936657464564 0.47872413926890545
45.946323606209035 0 0.2632614883390545
54.82063642873441 137.5190536197474 0.8243249029622746
48.56878383469419 0 0.706921122798164
46.1259348623559 0 0.24861638330364144
51.00405181485081 0 0.3215082719817701

53.71932795070958 1081.437427806625 0.4000391282081921
50.61102547788522 0 0.16191802292092916

58.7891045357518 227.94148690194376 0.6571266361437864
53.60464111470158 122.55547300576673 0.6885153802869866
50.93341012045783 156.3515392205104 0.7648525310799386

62.465540798088085 161.3609146056495 0.40340064941695175
64.0449995828364 306.96162535421263 0.22640954290039872
66.11731125058985 407.9699454853942 0.24392244577221334
66.09650977316196 253.15996113953278 0.3969633153910479
60.73788326176136 307.4069312863787 0.3014551929396845
53.25524034108643 240.84325359595823 0.798605584905701

52.4275762597075 138.28728412118505 0.3361633838224094
55.286849832609846 127.82238654151843 0.7363449580136603
52.93087863942511 75.5158537690748 0.3031945085902663
60.197229171992696 173.7890169846366 0.465468268665461
61.00314960434144 127.4314543170478 0.30991182785437843
62.02817297453255 138.48174889612235 0.4600623870714884
60.61659984240379 135.03696694039502 0.40301129368778277
60.86286389232678 144.79082009486032 1.0879661968586163
59.415928090671066 142.11384854812442 0.6380428154535025
62.12677960895862 133.90891690711885 0.23559081352846079
60.81502971410486 125.04333076664956 0.36983572304795587
60.534074681170665 127.77534856425815 0.6803270523248415
50.245307709199516 121.48589355339958 0.8229335504673827

47.69837867476058 62.471381095261556 0.4602519278005275
54.756896936226276 136.86517301864458 0.9250713333237286
59.45517802825702 126.59465177197993 0.27300353624252693
58.69029859222623 128.64116824314362 0.2213805124368946
57.371087059381836 117.1254680795524 0.658811031650572
55.467283727544675 114.59430547860346 0.44429542594613736
52.732071773014404 0 0.28780614218837286
51.349781477442086 95.90880452682949 0.18116980827589657
56.83177772486026 128.28527782578 1.220851997940244
50.855693704425605 114.06261088273058 0.29356271683438706
47.864784014789144 59.18256837151277 0.4038929730511427
56.78307368784756 151.83306237492513 0.8472278765704999
65.41128985028998 134.69417535096818 0.45262537975533235
64.24989310331726 149.89019982863115 0.3833174492204563
64.42620588177188 133.923187979293 0.22250062208904353
64.27194615235239 138.8484658734513 0.1854352962276664
66.58390696814143 149.607531224866 0.30609637012011603
67.59317363040513 151.92048183928972 0.6910256244252508
66.60541935173052 161.7581202532959 0.615139190117489
59.379717219896456 137.60311799920493 1.080011147225349
50.595807138560474 0 0.12618435217932245

60.959678016422075 135.15575123172673 0.334812053188017
59.84167617789895 125.75611425694841 0.42531332520988485
51.47364405864758 144.88849376650793 0.27464313852510713
48.80915595057738 0 0.2379273297955109
50.88442364271661 0 0.3044156000301683
49.55361916924865 59.99346324996153 0.44242206512159044

49.94386088695754 0 0.8059152012787507
52.64551734504511 160.97909545144645 0.5693401287916515
46.82120183961805 0 0.3457384452625405

55.564826259903526 133.4816611578968 0.8780580486392609

58.5249851506847 145.35905699594744 0.29464522086071554
56.96923654782165 625.0313458347705 0.2108432003959564
57.18250825416054 563.6083147501508 0.1618356957091578

58.180507812538906 234.44946320324325 0.2247101018126756
55.98057144381845 115.91161107776082 0.2942199032886066
50.01995777123293 310.7553812047013 0.5340795412679427
54.029168701439815 163.55247881417125 0.7154154657568341
53.976398272205174 116.68022687866527 0.26866966071702336

57.99161504106252 139.080213798192 0.9502028014627513
48.2024775649324 646.7077977698564 0.3821483750611492
47.87464522362666 0 0.49400956464575074

63.56557865468411 142.15262415286543 0.4683371184561054
65.79937087341374 148.1532071401178 0.6794369588949394
63.243890066870776 150.2890344428293 0.735385883553846
62.89952454266336 145.54287396928794 0.39763564526982975
62.79287734604329 129.53727201950727 0.2924989858217657
63.30368168012542 147.73214900805965 0.3958322355469335
61.455469162291564 147.53644340555192 0.33934005055033367
58.206635129894025 126.50683267866573 0.46812882820634627
60.75080260135346 274.4060252905324 0.72982684890097
58.57964217671606 274.1569564852387 0.2486179455422075
61.1282742773385 144.30505568094136 0.3621893542657091
61.568995215495626 137.10698464067406 0.6110557058412951
57.02834777136891 122.9354689759287 0.18592045512356492
57.341490902515304 147.32113627496122 0.6828803180621605
50.32778100799165 0 0.2745760987022692
47.904966095403076 0 0.4689028538859077

55.91386433184437 673.4104644505563 0.3222917129345433
55.41420760385179 134.53792367645394 0.7007779947551995
43.042645479324115 0 0.4172583860782453
58.455501581791324 138.62413784751067 0.881458085158016
53.07354192481174 0 0.4637080150844213
48.86889340125308 102.13467226055623 0.8748334759252998
41.440752309414 0 0.34946065664261994
41.87766603283745 0 0.3086058044718527
41.97227295621776 0 0.1213357743881005
41.84653138443515 0 0.18430641581416296
54.2224369333282 118.5252425435436 0.5792966883764876
52.891034358419965 108.53787715836356 0.3240589237733644
52.91466649377432 125.29958274887348 0.3831906510875456
47.571540781930445 120.02116992758162 0.8472260024635716
42.11649507158616 0 0.25985852337730364
53.227445625878644 127.95796412383584 0.8350588362184226
45.20229180005113 0 0.7735175700407808

53.873753856337345 115.18456255090588 0.3908476541780601
57.99363785747272 148.52808569291034 0.4474339635803233
60.12594509426845 176.74334389257655 0.3385509941433895
57.717766762195595 155.05582062361708 0.7806184650417549
49.37143374214292 143.2456377352123 0.6866585979474564
58.1448046694716 130.68760568317217 0.47625897488623536
53.73614636893776 0 0.3332192553083644
52.495401848250516 0 0.24861569224077584
53.531135205242 114.47212207687846 0.5189663905215127
56.443966954002256 112.35554132220493 0.46955207686195877
62.96849228076264 140.0752491496105 0.9287946743649229
62.35462721224123 136.7413145120931 0.49660784804606806
59.6377604656646 133.702767652962 1.076149342469705
53.08552949460456 122.62632479484812 0.3388878382250766
59.267781640181845 126.09673605312575 0.23604744455781201
60.72967746262054 237.77548589300665 0.2858280418537049
61.958450345483534 131.47107528979552 0.3754703367443142
61.02366459732267 133.74075321744886 0.3521818459104509
54.02926002516448 129.54909831442848 0.5683556883608105
42.764047390521505 0 0.34281461824309645
52.94057718441109 120.72056174893864 0.5745613349686494
49.37781049132289 109.36186172251634 0.5682533554984843

49.9930139381292 0 0.5092208075050735
49.527751464339694 0 0.2916246599935164
55.15091210411621 140.21139453375332 0.639169732269778

63.16806688317005 176.78172654605382 0.3329060873429057
68.55940183097766 169.29645533455684 0.44995939481324854
68.25964186644397 144.0385976261783 0.34883783924357203
63.46069285800483 142.4629250429911 0.4452654951635395
56.57194818730446 128.7261644269374 0.3403073526587548
55.312869443140485 130.0169906752932 0.558847527940685

48.4731587939824 115.67154758275932 0.7726910828025382

51.3171347036172 113.51461364530552 1.0854252881960917
48.37568496484576 113.52065701969305 0.36752360711065535
50.92375425796079 96.42341163538966 0.4300288873949967
51.20358495009646 342.5445573184447 0.7546490904122436
55.42994371544872 126.8611701881719 0.36982587339414863
55.28998739097221 108.42305540867964 0.4187713591758495
52.76477082850314 107.91295414455396 0.1837090910454151
53.75764967417445 102.63840983552953 0.48689644695144807
50.61086542985302 1638.0438392212127 0.3996545099387845
48.179871127715174 0 0.42357788944701724
53.40188482315292 113.9579081375973 0.8282610910998187

50.72723848228487 0 0.2597993332082069
46.87017609503635 0 0.3465853724132728
41.03671656746474 0 0.10487720190448613
56.297526353723036 147.35225965780856 0.6479262910285968
62.44512500413337 371.1663085937967 0.834914159583235
58.0893175441759 130.01393532993475 0.7210503633445455

49.86191044937746 159.14591561540422 0.7630989765031018

50.48491551184051 142.09277562580357 0.34793856090959707
53.38453574437242 211.44002472331087 0.3372977155710828
51.29997244749079 163.59259333348774 0.23115170320326683
58.90383445039256 236.72113252140235 0.6886905958477314
60.44697508003198 141.18920624342968 0.5348880783878371
59.101515207399785 120.79038496612063 0.5635855880323959
57.171360266666056 119.9790257170911 0.4079133259714922
55.71652402582961 118.01202495062687 0.17542930126293754
56.30135580737781 123.89461274787215 0.3369801491501505
56.461834374686504 121.7045854513711 0.3401201710969417
60.1504802292293 131.38266198708337 0.5697016252005938
57.02450955688363 121.65056186549764 0.22556850080744084
59.418702482690556 125.36491434315289 0.5685145082475742
52.51507474617443 117.53713915439316 0.8425613153194718
42.404095552927814 0 0.20193343046994983
53.97210198328131 113.23360197740901 0.9823560887683982
55.38165527465314 114.10938718526812 0.9581800264220988

54.63579440591039 122.13079604615294 1.133818644242922
50.720021317296265 102.50312523298905 0.2953395123564633
57.355996198686945 204.92572725831428 0.3979443345135394
57.506541475572796 126.34667530080625 0.4576176663194076
52.571059569107824 114.66546201268872 0.39955823070391716
57.48818273949886 153.89928474766185 0.5885869963644552
62.772023238592176 146.94326106898774 0.30653058680283607
61.12918921983742 147.7263892236528 0.16435586329217244
58.8914340245712 133.4028115108075 0.600570525007555
61.049266173862044 164.1166318347487 1.0675534223029501
57.5847267923011 153.8040069491596 0.6541945246487728
58.27202732466737 147.46950343729347 0.3148968890424442
60.58834047748803 159.52319479202782 0.5039603357371902
59.93039082959919 158.56615772501027 0.2304935800368071
60.99402393500279 161.6119103648045 0.22188383776526166
62.43894172344141 468.19631485680685 0.48991829068731363
62.92797814437879 166.3491144917274 0.8128679587862848

64.6627102968694 306.2959028273081 0.43702791219550363
63.83619329766914 149.82763554102328 0.4137879844616066
57.696021700848036 134.615748728611 0.3122471398725679
55.899137312341914 185.51631192992804 0.6883298287249886
41.5779047551601 0 0.28213600008766093
40.3197046182819 0 0.1741582427724495
57.723363436216594 201.5324106076477 1.2755193263478475
50.734069972557535 109.72253564724953 0.814934441327722
41.33066419557527 0 0.23474618664801028
41.84193455538253 0 0.2878439612941861
53.64087935312613 132.42449069506927 1.0388375532959913
57.470311903969396 124.4509227671093 0.472348085010708
51.09689232387111 125.03735686678392 0.43812396815150123
41.431853871614315 0 0.30514250258241304
40.907833113173176 0 0.4019144850832106
41.5833535244613 0 0.6509290001760064
53.468256950928044 137.89646737743834 0.7902565518317033
58.247471240616676 125.01284955956793 0.46072554160897994
54.29564587707618 80.59799853142135 0.29253935859065905
52.06221771165013 0 0.2266594232020509
51.15908909428747 0 0.17935597396549952
52.83856954678749 510.0447348941676 0.5033858198315784
53.27976424255625 82.51798279298582 0.43347303395262315
52.26607047479074 106.8762510411407 0.4843116355428094
53.358632861797375 123.7326900837839 0.4136429164634592
53.582300875898085 120.13126609511448 0.5396404991714121
51.368416389262066 87.90425995057017 0.413542474002071
51.46323164873035 101.63564174721931 0.5203629291610525

60.92697887159582 270.894432540834 0.3432262453770534
60.908198847004314 221.7376426308281 0.299576746646693
61.763134670299024 190.0480938716318 0.28452020256253263
61.099854631000106 150.80295591571857 0.24206551767616702
59.49997016978632 140.44170464343543 0.2992500989284963
56.36796781516768 132.77181675851202 0.3163108069763041
55.30778188737668 128.33538388594246 0.35288209330792597
55.45462284373366 135.14682333466877 0.2634916617310239
55.30543429958035 129.82890263808466 0.4733981969870342
53.99899827888432 127.63593488292038 0.4393352380357669
50.39370689883919 1529.213194399547 0.33651807326833705
46.25717393955095 0 0.17162093559369396
57.46827502543316 131.27550062169598 0.5163426482039597
57.618847633159426 134.06539185941364 0.4561568782470715
56.644337468214694 120.74195290451729 0.5160986985927138
57.1952506973814 96.92227456675246 0.34756371056909074
56.067087544674486 120.42012862555966 0.33493014423461887
52.999550524310145 109.50706659107826 0.4436318503307177
47.75923854362232 112.7640344344444 0.5155142702181479
42.4164985046406 0 0.31676665142074967
49.43536513206862 107.28620489655111 0.5540492218781594
50.06877571357445 91.56744253582914 0.4480569273955268

54.70800073685699 132.05124522745047 0.7162547416578775

62.57806290926127 131.10875905935552 0.5268348291835707

61.923294239496954 193.01594103178357 0.41756812336436155
60.98715540707399 220.7211618679228 0.32879712286273843
61.37373672941597 153.23408984356416 0.4305502381699853
56.78255914876786 155.72496634506177 0.41940715174243337
55.29332677418712 122.29541577204269 0.15978874041385893
56.802956243295554 129.3089761605602 0.4639426039763066
50.190021416328086 118.67447555970351 0.46929540191612773
47.03496294905323 121.04728456572077 0.3287773278787256
49.853750959248906 118.8434137061417 0.24869574218604384
51.809687535440325 58.86307573516702 0.29377054432180216
51.80091842466443 61.57646108376915 0.2801360228645535
50.70970358491781 114.89577061296532 0.6724893503088367

62.00246355687356 164.54422970023265 0.4962522016324442
68.0483626570102 206.6294767944856 0.2975504927957502
68.24450214921333 286.24586573512926 0.18962232004778912

62.148547892729205 283.4204531465981 0.4008270535025531
63.185737337480305 252.13668793217553 0.2840582244360803

67.95732493413473 156.89443484673922 0.30908890486563223
63.7412709233682 162.50604397165026 0.584807688712516
54.63692294394859 131.03422455290575 0.35294583548957803

60.573741072855 141.98800985461665 0.3834071078725003
61.71594987959687 153.84299116403687 0.3204972979768854
59.02025780772044 142.86655863684382 0.551332734719324
51.9010193424894 223.54463450208095 0.7686255067808361
51.076422539866435 90.31664953331142 0.5373820315400621
57.55658701960939 124.83681493000303 0.7313874379193521
60.84158184973444 120.54125633195011 0.30588048278534075
58.740693685871456 278.5974269668761 0.2984054238238798
63.046169012748955 158.55422791086767 0.3413622582159519
69.28405466877594 132.54359213496136 0.5472956509046014
71.98650019923592 152.65174990967282 0.23535048554577997
72.10420305503276 167.29451729322415 0.411782924480832
69.17558041812939 141.18380739082926 0.2695775760743686
65.5948341891505 130.19895724139064 0.3846988997623271
62.38060858136451 108.3595048151766 0.4278237004880623
61.39879815097514 96.81801877258508 0.3491329118750457
61.97858297339488 165.11365730956544 0.25317472125362883
60.534433628635576 149.5858230788029 0.5095629368922516
52.668547796835455 60.25478931437678 0.31426442372452357
49.615018877160175 0 0.3401307708374759
49.51739722769183 0 0.5128552212563307
45.8254136697718 0 0.40811784501005377

57.06275610102753 716.4819686966886 0.3420889849021478
62.150090356412996 170.47573335718545 0.42435404423133605
60.71866187858126 141.71274992222834 0.3457585752628063
58.965880713003614 204.60918663269405 0.3278858741024351
57.88897015685428 303.56364264134123 0.6915767535877535
61.26210930887922 190.41323207886938 0.5373355723987743
60.34419929842219 140.5480691964021 0.35151988283379865

60.322458144210714 191.0318252816386 0.3121511248546085
55.67156498419054 174.9991970118988 0.4573050807394736
54.74858250753082 176.67314507022425 0.39354219237111465
62.27149170829815 336.99218005576626 0.4027134916092905
57.277294575408305 135.44566613618076 0.32827837822253514
53.7621018407654 121.33065501548349 0.4786718763476756
53.47613643736532 117.31111764461221 1.0045985746671988
49.382122824445034 549.5005957223812 0.4767559904175869
52.98753461701554 121.09069401623938 0.38778273996186385
52.75665062610804 119.76984532831922 0.48215521336578604
54.37013989449191 346.1149871295365 0.5275809287713855
53.41275726419281 110.79619654427329 0.4176311686423162
53.388744854590804 114.8195598308502 0.32701979858796903
54.83134881734129 106.42555555717313 0.29295932927479384
55.199046828109566 115.53256070454412 0.5617973188789449

61.47275284451056 180.08268624253114 0.29333238680771956
58.58127150282051 413.594598606829 0.9177111118651169
44.981794466037 0 0.1301386002315894
54.75597649197413 188.26084060130432 0.8608151079241679
53.90952321698503 198.08031446012933 0.3004813687812202
57.24926897548556 298.2092957645239 0.5928672003132363
48.740304674135395 0 0.25883447017369576
53.36486513777695 116.92323094160572 0.38634704110648954

56.609684258083405 134.93041453975917 0.45309958308146747
60.00541551805711 140.28298036410777 0.4300715285939418
56.47098069063595 127.36298725118064 0.2614455035653691
53.932280613526274 74.0580543144718 0.23432759605748288
56.041843789637255 137.75744372690914 0.25766898478386224
49.40346951928488 124.59552562442282 0.540970764543232

56.68025450613803 171.25799405343238 0.9750505338016069
52.43147625649401 0 0.6230151147218521

58.077048089129306 143.9820917281498 0.7539997893975965
55.88185315246965 123.45898086862324 0.6550839741172752
55.08588812553285 111.22690872528734 0.6004733237309949
53.579823670842735 100.8605088458291 0.36356679443085227
53.00155508317708 0 0.26811534868289755
53.73713758916868 114.55215897227355 0.5383250925655432
52.55511984811183 99.57174766306657 0.3126987846581244
51.782322529608045 105.96232532781639 0.5815304669175134
50.83794401815123 105.51306402663172 0.4086715765987776
53.42728814540746 112.4051609912478 0.3251929593401144
50.61790384068596 103.7402143032521 0.6413117409300639
44.626091428179 0 0.19935838903276704

55.17752270471728 125.18002409757646 0.30362409207779706
54.25419780648548 107.22035800343404 0.3431033099964509
45.49498041768461 0 0.35410231020165384
52.15703352782289 141.24937885249886 0.511691951607844
60.39973521501438 151.40370538078108 0.38147896421264704
56.101401808291456 134.68761117855377 0.6739181892808972
57.36609932871973 127.70325503426565 0.7541905656845813
49.75146161328717 0 0.3183939572018346
55.031288988929674 125.01967132652352 0.8804255500555485
48.157695588341 97.53065702972063 0.4658722109678024
50.2555803671899 107.9091025119038 0.8282397426769421
52.70068836941719 131.72727547007173 0.2806603110462049
53.09545501735404 113.46474155843129 0.25777944545612286
57.179715341022536 130.6278037363905 0.39075377584174475
55.529712001717904 0 0.4817509083813434
56.51858276617563 1059.3809203887365 0.6414148311183112

58.1920786172853 129.6904334143224 0.5942351211318169
48.345159262850665 111.11564294225118 0.44129753493092494
49.73598633585808 146.48761507062616 0.7291005314742165
41.48170484766138 0 0.40823368635909674
54.47643758989126 124.8970792224509 0.7050672837995649
50.668325740134264 290.5390295910427 0.2653628322325403
45.42236648271221 0 0.45138488912743924

52.89595565089801 127.13809668471507 0.34362496148713717
60.638100635077905 178.65428040003985 0.7260367240587016
53.02977723928835 109.32827346427182 0.36361062118805876
49.10975249465124 61.905838729755075 0.3287280717663066
56.86479683728183 147.30183724874772 1.0389450315562385
54.51217688238023 124.84725976713209 0.5079191762866913
57.48953481134732 119.30482077182933 0.5692779400696395
56.137710180430986 125.79822750962065 0.5061458014084224
54.439644255191546 114.55490224171079 0.31365907778103974
51.935748749084375 117.41317503584979 0.434817953223785
58.58783694898627 147.11519199803138 0.807683551367461
62.179384812100935 163.2087224535045 0.7722239822351185
60.91816702357675 144.8674255390878 0.42270927202406483
56.07256649240703 111.94036150065754 0.24791025835850178
55.140712707289914 123.83224931320788 0.5068010409610793
55.59325118657872 143.34540637765292 0.4872371539547089
63.152375564175074 155.316766961932 0.9198587814156554
61.316832191563975 251.77173994627464 0.4078264608787663
54.51139325960837 189.1990144984012 0.770956542459146
54.00746396195213 125.91385647492432 0.6402424932924191

59.35979497036654 125.37424649233779 0.5891890067111376
55.26959481000567 119.25048859293696 0.4590883010040443
56.72650500542209 125.52895232030924 0.5092659487123115
48.5629103208094 0 0.4233609499169688
47.77693363790833 0 0.7458513863998064
43.96891086466549 53.86041211974765 0.7904896789094664
45.50749969476882 119.61582485808275 0.813364259396451
47.04488577110869 0 0.46205369067058655
49.62579861175574 124.34059705938368 0.6435829560919615
51.362885233968356 104.74209007666644 0.29848549015616754
55.71165572614113 126.21287316980657 0.7960346710820545
48.99570501087558 0 0.2788557653295811
48.04472422788552 0 0.14321022232638825
50.04442379839927 168.34718862197838 0.5471643324614774
51.461200583553875 471.23736568380656 0.7107640208881776
42.893193720511924 0 0.32114899553567966
44.719226369021136 0 0.5362962451507656
47.46176772797976 0 0.49490774987964414
48.03579967958037 0 0.605856968695548
47.91720936304032 0 0.5116153461810313
48.99798464082561 104.16192463916992 0.2649144619631443
46.36492705311632 1823.5811452387622 0.5719332956085168

59.99890289638233 148.02559960717454 0.2841703775445694
59.65814506567645 161.5641664920125 0.29017069563428777
53.614847573546754 133.0157797571012 0.4546674324716946
45.26785157323093 0 0.1481871120786309
51.23181153048773 114.40478492231507 0.29676573413701135
60.215304323551244 158.9352267330467 0.44240430304637357
63.01041948295973 151.56062723568454 0.38187230584384224
59.650545597121514 129.341336411957 0.5012126604893297
53.69202339932421 181.54658460270278 0.39024432355796534
54.522084787407756 133.87472917895414 1.194198541679782
49.612401419223985 113.87247099816854 0.6902085792563071
48.159586119745555 0 0.37812146811955927
47.8904196567437 0 0.40361212475141883

55.84267154717453 286.5839477452021 0.2758843632523167
57.39496529713257 184.40020373584082 0.2939288874858903
56.65426170479985 496.2581181233147 0.24945038864217395
56.510454476372686 151.9208705242561 0.26909030945961376
53.3889718099164 343.3734993352168 0.3041725786883376
53.625157187185245 327.5613354401932 0.7003314581588143
50.58815613259468 211.54182614772458 0.8008109194097983
51.87276140493864 124.2215756578432 0.5169098025758672

52.86176703447281 137.4631445199597 0.6943958168849349
53.06676176587802 123.22998440600928 0.8733536400153525
55.947488107602425 323.57651558449436 1.0233492641060025

61.16410690726973 155.98063253117792 0.3750449879455573
60.565089438078 143.01572994083207 0.7054705132075014
59.72105415464544 135.3318770844711 0.5113973799834639
59.544251185841844 116.9202672179745 0.34097374817804393
59.924286501143314 129.0866377257274 0.8768991263310113

48.855032011083196 96.29729270097631 0.5818805680406172
45.845405764439555 0 0.22593283670749997

50.659991455824354 119.86249809840989 0.720007599884184

54.659242584494955 121.85416651099307 0.5465720800000327
52.467560779763545 120.35088501214302 0.22394524444888475
47.74571907671761 0 0.44120278267320145

59.83233661306038 161.78709090499584 0.5783837724972614
57.67697021614852 124.24808044784956 0.7241527299071322
52.21534526103855 110.19328598279222 0.5977711859211468
50.03724004649433 125.95275285800011 0.5137833446922855
50.64856570685607 98.41523756136179 0.3532968168834145
46.11596382104788 0 0.3776634260663627

49.22687029167935 114.26443960785336 0.7307881867387778
41.79806510566611 0 0.3509193336895464
54.02911153908162 110.7543702740252 0.6614359681850033
50.39790510335961 105.2775319812251 0.22684290427986298
50.29950614065474 0 0.2510089461322309
49.47847248074797 98.34279555425614 0.2910689632161052
51.78815714965146 112.6726438333441 0.5813791859858384
46.106082519380195 90.82450162643325 0.6832186395088229
48.7685841351898 101.89281684330663 0.9179913480632536

56.492114650097456 263.86822780507214 0.45484612172657535
53.31522069165661 577.0773348486536 0.3011306552216979
51.51937243185778 101.18747777153521 0.4244603219327132
51.86696289695684 0 0.46290809925994836
51.913378964155555 118.41643695492299 0.2512012987438652
48.905853524406346 125.40027867264521 0.6227855787337262
40.8824958371228 0 0.23618270406495867
41.35490018120052 0 0.4217407052177009
50.84029137581487 105.79728867146866 0.8215658235460523
52.5367699363209 100.15854856282955 0.3696884108231302
51.37995011685743 102.17907140656727 0.40993129293889297
55.3075667769622 132.20345776081007 0.31871865224206886
57.33973648656533 120.75285919602989 0.3584716579829319
55.895058948472006 122.52542504306983 0.23780784229757046
55.711920010457845 115.12286493152939 0.608170913910385
53.218522567721685 122.16454400360811 0.1113388189513671
53.77761808967398 111.12700649263505 0.6597075998482183
51.11160896358 108.9027312134686 0.3737087721204375
52.89553648780125 77.62531228646861 0.3876822292082238
54.498074995511175 105.48339633627492 0.37480741577996923
52.324796658436085 98.73567396898984 0.604627859560992

57.03261754143475 108.13734804097977 0.4695869700362323
56.20094820919319 104.89830327391235 0.17364320525661014
60.36037773613826 150.46940006757518 0.42990999879657465
60.189206027419836 137.1832685627127 0.5199359356729474
55.341380365301916 111.28002845053183 0.4245277031222372
52.00873751566626 0 0.2486985336225871
52.55114342304349 104.19957132178516 0.39216063594608386
49.385157779144926 0 0.5475016551980616
43.205915457275395 0 0.2535840739873265

47.83052300853415 0 0.3342634726844267
49.498379096942465 0 0.2986149575305035
48.52658259217155 0 0.5261581939888629

61.72319425057278 152.3905309962845 0.45685789852893777
62.56070403941307 172.20413958247516 0.39803405846055284
58.984256046861965 144.94388693244971 0.6687794365656714
56.74986952014025 129.17263597075734 0.8635869289071252
53.034807171423225 112.54317713596474 0.29036841823364057
53.86027498793796 105.10349358512626 0.47889394899971194
52.593828043104025 459.8100014708744 0.400843008284653
52.96859772074867 0 0.2572124226152823
54.695181808545115 119.49763263448304 0.4800056584492154
50.022584910608295 0 0.3134519186979219
47.563579968852764 0 0.6659045486970854
56.86292745256998 123.39202405767894 1.0531236220343203
48.966577219914385 124.6565113169148 0.8569946004762414
40.93966028525113 0 0.29823005655504176
46.61747062962013 128.33653742300731 0.6466673803487879
54.91646502690149 119.04160487757083 0.36754046115208894
53.882652081584446 119.34130727728693 0.3339034360520259
52.92125902360569 277.71750783977285 0.815960570898028

56.88740010883381 179.83455392759836 1.0205678717064188
53.977590324056905 157.27294749318483 0.22468872073653756
52.79607446644486 577.7179014052733 0.3608270100212394
51.862461942498925 53.67197113241574 0.2968035510958771
59.32114007920025 166.66888676739666 0.7487361365608649
54.6385935852066 168.89370649339392 0.7561690361335423
60.36134975437796 157.280908553223 0.9622152380055695
58.90575987026776 147.4009917573097 0.4218144946779603
54.48970197166405 114.62728483507719 0.5470325097654722
52.41464142280592 328.22205626295914 0.8804491641300842
44.698102454499846 0 0.48522762185842794
48.68049187348327 66.17110786844066 0.813505715773772
47.57787950939667 0 0.27801557425249257
44.89406746650455 0 0.2645202417900805

63.224818106590725 178.38549394475805 0.3468403697086728
57.96546942958411 155.60302038810573 0.6973962388773316
41.455148292839745 0 0.39670203215337096
41.557718131842144 0 0.24256007549684
41.23417022329608 0 0.20520076952618638
48.7985565700691 133.121246209949 0.8793131841233617
50.784657152175065 91.79596367604079 0.16636513876045456
50.81135724806612 126.6710579070612 0.9902611182643
45.627749738539414 0 0.6306060162640392

54.30459799087555 123.83385917412564 0.554089114215401
54.198961498558674 128.0459412822677 0.3590912563694246

56.674775545944044 139.64839912552796 0.4038808835434793
57.7561215384772 133.61041825107296 0.611517785489184
51.14087588604352 144.52640645524409 0.7282654510181033
52.70496768360897 122.1742073759334 0.82842266020441
49.612203062609076 101.40070980839143 0.540905643310623
47.59666184039167 137.09397612459028 0.7329018294741445

49.92077023698461 607.8957321979182 0.33366205848290065

53.41272153732194 114.56107568629562 0.30800566730624723
51.117272791161334 120.3914289000655 0.657858186196961

53.97840924593846 122.97808111080049 1.077900623612777
52.702191015200455 120.63786746102883 0.47588775573746034
53.15603079377246 114.78402547601652 0.3792571204942874
51.807896974675955 103.37176994319476 0.3367362689473339
49.40941979279459 112.44015230635688 0.39233071115717166
48.429313580410685 0 0.3623004933297125
47.04139353070537 0 0.428211697649715

46.35139052165682 0 0.5443959901563744

48.712692696349876 0 0.5481457462901744
48.164864801497416 0 0.4225610753990736
47.83265701589903 50.50370011530182 0.9610208853171116

43.74813140206513 0 0.5795183121018681

61.38843469353143 149.5501203653782 1.0070135707802592
55.41392105450324 127.32759420306924 1.1454360919701116
49.696235044747716 54.98425447339128 0.2751109257484927
49.86023907548883 111.99263164832854 0.10824000912424481
51.555477597180136 114.12532482153196 0.36359662795860004
57.00005636704808 145.1009832800135 0.40581885175066645
57.19620701478553 163.3087799479761 0.20125782051593433
57.48619671019245 141.17283215952196 0.3992434662320079
52.297207356647526 118.66966039068123 0.541978935330178
48.00446213595598 126.71610751026655 0.28670889439570146
47.58163275690708 0 0.5845080111722041
41.812455033786755 0 0.3563443156449466
49.31600566941166 88.6768074440832 0.836136511457255
50.703324166152676 111.00663423408498 0.3876217569052187
53.36779280678269 113.16791760225856 0.5574008205479117
52.75202891937567 0 0.1257138134940874

62.14190854942431 142.46495095985148 0.522935554438277
62.008785228446385 160.0819984600789 0.4241378701884173
61.106501821439906 143.41644789279928 0.6487082745802582
55.350735294664204 130.01042313947355 0.2912051527915196
57.32531806780471 85.19419826829827 0.3574352326500616
53.956258592087735 126.06537792145865 0.5457443087580032
48.623432294306824 0 0.286875166784057
52.61014555340947 0 0.46963210661323274
49.33081118474284 103.66183110975764 0.4675239854262827
50.97046779720147 323.5283761211553 0.6896072996304383
47.656096455450964 0 0.22357079857823692
47.769192267488194 135.02711101507683 0.6043899559884949

58.95134176346536 135.4868838668485 1.0193541622332418
52.665957393997566 106.16761157282335 0.5129184288317674
49.29107579732913 108.95785979031173 0.3980981665038712
47.62875253575102 0 0.2869285374754895
45.134544613814256 0 0.4276088880218367

49.66305227313901 121.6206452730012 0.5882090601201071
48.55369688326094 119.57710786257739 0.6676880160669612
41.318714819379224 0 0.0787511576822908

