1.5556667412955734 2.224255392298784 
2.514899767315328 3.002717489815622 3.558903626230457 
3.9497742297247873 4.364077599824792 4.5763463402523135 4.895147960632722 5.560875977127967 
6.480869805250413 6.717000508907014 7.143248175194418 7.413436658318522 7.8059762518145135 8.195659128671842 8.553082526927359 8.768540460358894 9.368982027916228 10.064474713871233 10.22385716041836 10.574796322917773 11.092205783061289 11.478263114811845 11.71896201746093 12.32192295165026 
12.92429542673659 13.411134663848843 13.840483040621127 14.251885314878606 14.618363584241152 14.957664321207215 15.147799920638166 15.7611225672348 16.45985506316517 17.255586848823192 17.64508049552484 
19.483252327448167 20.113598338196915 20.68316134381668 
21.245175794224096 21.75471242760327 22.10451424675723 22.408423457626924 23.13213177370718 
27.768400882661517 28.149828815316553 28.523270757476492 28.917172077793833 29.332313296665482 29.856420040840185 30.765948085434133 31.599914261101397 31.89925910235299 32.38794456122246 
33.46026558329839 33.76409666164134 
35.95942195484266 36.837299831878745 
40.98999315516 41.44608798437058 42.19629306468869 42.750266928715604 43.50435245316154 44.27968369635101 44.77662793953439 45.10065167679697 45.31454270954446 
47.39745792672992 47.805017005922174 
49.022056340031455 49.352778808791946 49.62220647912917 50.09369563269136 50.44865435642934 50.82779301129481 51.06812711768595 51.5816764482661 51.98768951136703 52.54653046857416 
56.42813652865365 56.729570209339855 57.03809971012007 57.45199502744721 57.937806887219196 
61.0545170000663 61.53784488664015 
64.31677984776853 
66.63485309617617 
68.96611076196213 69.08789877845526 69.7455244063786 70.24285063582424 70.59967787886554 71.3470677329483 
72.18624835931301 72.92757222049897 
73.4941021646318 73.75736365297085 74.58168855593313 75.28860967873129 75.53722606203493 75.8587343340167 
76.34657926708883 76.50849729000976 
77.23586857004469 77.92438395033167 78.68923648141161 
79.35605454542034 79.58246408832073 79.82638653409295 80.223349849484 80.52480504242368 81.32341062732938 
81.83464332441109 82.57098828242475 82.87418279101502 83.33965105968048 83.64956288753486 84.10962527460634 84.51263656829413 85.60060276515274 86.23864558060625 86.4742363941347 86.84407211718266 87.5243991695075 88.34733271997489 
89.21149135014947 90.1365626834732 90.40956621971573 90.63094673215262 91.2897577638032 91.73405318974933 92.0218593319377 92.2030291402136 93.42388113815385 93.71744385498823 94.12133682803938 94.96856470460988 95.42119008436521 95.80450753358566 96.02700815567471 96.21244345190237 96.51853982202249 97.20956544644774 97.82470463656523 98.90471578379058 99.0309001359699 
99.55888495985856 99.98419828506845 100.25884142359355 100.49676875338906 100.80118435341923 101.24360641854082 
102.50823777393269 103.07757790272434 103.42331634798688 
106.4608906410045 
106.86090282770192 107.07174602809788 107.23358172380703 
107.51097530853806 107.80519521182667 108.33927475309461 109.05469021885145 109.32335987956847 
110.48429661270464 110.86644498776579 111.36045455241154 
113.17993606262199 113.85937302151693 114.59475890507078 114.9923945503406 115.28489353616237 115.6807257717093 116.02006582225964 116.48819465046599 117.21802149936696 117.46663944490916 117.82882879917487 118.43988450501617 118.62580496013973 119.30868527820189 119.58326137690416 120.05216423079007 
120.95397425582652 121.65475225058172 122.07201063665997 122.95346872181798 123.4171767369024 124.2920102128277 124.64147086947033 124.95007667394218 125.07141244833028 125.25571886414444 125.83501555252093 126.1590744762943 126.54226512738184 127.38949112984541 127.64934965322271 128.48440848944114 129.25792605948192 
130.5550498330216 131.00248379660192 131.3410347907453 132.12165325578707 132.80831185373452 133.28457082862076 133.61779008392912 133.8664057761699 134.3853721666914 134.85492424355337 135.7837189179183 136.28032676596436 137.35647610843407 137.69536394665914 137.93141139121695 138.21723943307066 138.59270976981497 138.94489161572542 139.51324730408624 139.85606192232933 140.43062325729798 140.99887661279647 
143.22643888205263 143.51806354204615 144.15723327431593 
145.2452692834886 145.69522867830185 146.04406651754542 146.48933201270896 146.8296393653677 147.3884868933084 
148.17873913708374 
150.03685550808237 150.40437911519302 150.83440800258802 151.58905709300026 151.9588829663944 152.37765432557026 152.56136341661568 153.04825986356713 153.4479143735059 153.87149226295293 154.69975335405275 
157.57724642736346 157.92383179977674 158.02870900168122 158.67663529270982 159.51154945229305 160.2325998156376 
162.26010238218123 
163.8373222111858 164.1746199267569 164.40577162996016 165.0944622258079 165.62935030419573 166.19293589222812 166.6008492181996 166.77627851946255 167.1132586686127 167.45337883970964 168.02308046491024 168.24864896571768 168.81716347396525 169.65972478928472 169.86165821975467 170.84401430852307 171.80219433494517 
173.07650226697038 173.37184177932684 173.76978611384038 174.2274037801598 174.6269620108637 175.21554900722816 175.522079594031 175.68643545732317 176.28700598233073 177.35455940463368 178.00875392928245 178.3236508183249 178.82761115406208 179.0581047340989 179.27998857186415 179.76990686255147 180.58277482133775 
181.26565898715225 181.67944697161386 181.99169411148642 182.6800239402114 182.96215994029907 183.13631818307152 184.41183750941937 185.2267719507471 185.4615181373951 185.7493620986893 186.78819965198528 187.260547736996 187.6986717051475 188.0038142077299 188.4057286928131 189.05665769298912 189.84691424482082 190.3076397864298 190.60017914502046 190.8268385682225 191.006194542188 191.5095803620196 191.9430533959722 192.42736503151502 192.84100794797848 193.3806484471499 193.79419092115197 194.31455385031302 
194.71046357860843 195.01004032525512 195.29456052781765 195.53662604549382 195.83587614442231 196.15218695139862 196.50506904470654 196.76856070643757 197.2419589034246 197.68129414146037 198.0178122147287 198.1894331503224 198.70577579852636 199.16193267677343 199.67803137536615 200.02559508593524 200.36052523016986 200.80415708050057 201.31967135071872 201.63643800213947 202.19048722401763 202.63854415141316 
203.4250435369622 
204.584080161166 
205.05433176744873 205.38312889031147 205.81367912848145 206.2330862802239 206.39287502063775 206.85681762461405 207.32611302653018 207.6548903544089 207.90358609659495 208.19735664091675 208.4774926637813 209.14998201409014 
209.80428466447765 210.1018351572734 210.2914574773212 
210.7274068527693 211.01146507720537 
211.35567630401658 211.9404839927291 212.29342982821868 
212.85190644905046 213.17240374702735 213.72373648174667 214.4923619885275 215.02974402006757 215.76113145798692 216.06701194077226 216.36541736459614 216.7067796228121 217.2540752737167 217.48942575926247 217.9012086837433 218.17078625981767 218.55548515958 218.98330886006806 219.3324417719431 219.58561649319674 220.095179430089 220.4094438538135 220.749574624651 221.26242984590732 221.67054769091737 
222.61613323493023 223.04048727916157 223.38624585442437 223.7141317285268 224.40570848211456 224.94304405451334 225.29456393734714 
225.7647655109568 226.22207059169628 226.6156127840674 227.01832627567669 227.34660465389922 227.8252765302469 228.8298751049141 229.30663109533168 229.69441383529355 230.17656904865933 230.70414997743072 231.12178114607303 231.448800944661 231.7417602739358 232.30355759281474 
232.6846957844864 233.6024068963515 233.7325454965831 234.59336060450727 234.8938419732885 235.48670917360172 235.74554364377542 236.1318906848819 
236.76060187769124 237.19067340628519 237.45211890985055 237.68644650590804 237.9441154906919 238.48508625523513 
241.0731112849511 241.69612639967295 
243.09988914506357 243.75497311918085 244.35544644291184 244.7190132373427 244.9871285860256 245.52545367859113 245.83815246324926 246.41968293016677 246.82835450676555 247.15354746610566 247.79485920703573 247.9942175960685 
248.4207698149558 248.76387312495226 249.1179754351539 249.62966738676175 250.0111463509744 250.6850645402553 251.43925510593988 251.7576490631417 252.63807461319726 253.10394682416506 253.932186566842 254.2128468778882 254.47062632334433 254.86138009918608 255.34313100756742 255.98454583868573 
256.7192702475998 257.16056778253073 257.88966831400495 258.29790200036405 259.0029692841636 259.26833211639615 259.7197170055236 
260.22139241576576 260.94742913982446 261.3110397610125 261.63976783277883 262.67871286433507 263.18663204062176 263.7559099806914 264.2620557820998 264.57571485988086 265.01053281310465 265.8182163644721 266.5904403467072 267.0131496187313 267.2610598770898 267.76786091805087 268.2550980720056 269.17495685342124 269.5827833143 270.35373985675915 270.99398235005157 
271.90888011257965 272.3679684135837 272.877234362296 273.300595312213 274.0464466986128 274.83693637752225 275.6503006369187 276.1123543275893 276.75593728368125 277.0544227738374 277.85045744491947 278.12931321024905 278.27252343257544 278.8196877650369 279.5304517859251 279.8516007814608 280.38789702661154 280.8828047764912 281.48866174518673 282.00027709136776 282.2651915533309 282.8371248489394 
283.1915398703751 283.4817105660094 283.9363779984811 284.0845651105597 284.3813308446967 284.8237351477431 285.20560745358694 285.70682011407627 286.09706443763423 287.291262979314 287.9814715585703 288.3595930266899 288.7632051514413 
289.1093341585847 289.4032630460706 289.6527134347128 289.9218037441724 290.22597632286073 290.92630778101955 291.72711870042934 292.2440285030052 
293.43013682712814 294.3034904671435 295.3268397312495 
297.05409411409954 297.75956462730704 298.2709620072905 298.61193575546855 299.48883488179956 
300.68535608388765 300.91128892059515 
303.47521842262177 
304.6539922976421 304.877937542091 305.3191403247642 
308.92494783610374 309.6491005660109 310.246871751932 310.7606550966243 311.1139519135077 311.4916153395741 
312.3102093311768 312.66112866486634 313.32256463305134 313.5494075373312 313.80041648346344 314.09148544667954 314.6728646326654 315.3560832721742 316.27407462023746 
317.04502163947416 317.34615229469586 317.77061261662857 318.2335207158885 318.4847220146324 319.1075075933661 319.34369029743107 319.76543100264877 320.5869968261948 320.95668523701795 321.36661652995684 321.6853351821989 322.04380684018184 322.2816146824794 322.8897855963898 323.00112441534117 323.6608320151894 324.0345407873098 324.42222301651805 324.797030432298 325.401658291859 
326.2751519642693 326.4487951695259 326.8787051683225 327.39864110399543 327.82316880711767 328.07186734074025 328.46402797668634 329.0115296318844 329.2651137058717 
330.7019972511022 331.00061220863273 331.5267704026216 
332.0538729450417 332.45190700350224 333.1206864400679 333.98427336897504 334.2746417872087 334.7535357362084 335.15437874449304 335.4115911671083 335.89159682555754 336.20504874425546 336.87095329295255 337.92407691498687 338.7810715154631 339.07930157201815 339.72596895236694 340.09350941351903 340.42741284957106 341.2433734204691 
342.56248102871285 342.7871697494494 343.14799675947063 343.4448003105665 344.19353644712737 344.9497054832609 345.9119207212665 346.33373521594444 346.8807677257099 347.76121688984 348.2464445116984 349.0599502274722 349.3379658017247 349.6024860435148 
351.43780506168355 352.1352013005609 352.53190333271425 352.7744634082111 352.9796641777373 353.85897736186064 354.0253425006211 355.0156036188854 355.64620963514943 
356.37591035909264 356.73500161546207 
357.17400482095115 357.78552260644034 358.51378805745844 359.34221071766285 359.8831163609735 360.6160181904476 
362.4775012535628 
363.97753626011837 364.63539444631533 
366.1172017723021 366.59308952803957 366.97234664853386 367.3090829174812 367.70141362863836 368.0637141219681 368.4919258196178 
369.63340128284887 
370.427403282758 370.8499643581571 371.8109852434742 
373.14563347740585 
374.6970430383425 375.8424791303126 376.1175900560611 376.22583006518533 376.58942669314393 376.9952455448946 377.19650336541054 377.59574683164254 378.1377257669727 378.4244346613684 379.0089426725406 379.3652869881856 380.20142349964283 380.58904525654805 381.14644607709596 381.27215989059005 
382.58534768880367 383.0094855589921 383.65819383357234 383.94939898636386 384.3068342190139 384.8525785277719 385.139453694556 385.6090858011692 386.0766097865955 386.76621708622594 386.9897878848042 387.59417784079267 
389.03499986637274 389.5479182952045 389.9460164617084 390.23294499918387 390.6605538872057 
398.0273710825046 398.69505909857156 398.77381025625385 
