50.74689062327344 119.9351139953833 0.8376995011918018
47.33407306675011 55.813994381729096 0.36701645996802723
47.8042482225869 0 0.532098970580551
45.86715962137167 0 0.34208841222965747
49.126509965541544 67.18335652814203 0.5821995891074154
55.7902552124907 124.79111396102452 0.5877118468878044

57.08303808123213 125.74284099486513 0.5578705632515533
50.8575045653069 112.36912407091533 0.2720020059153683
49.672874213967376 111.46483803227039 0.27428618607516775
49.12606073337066 54.78308776267796 0.3562795950898865
46.54060247862955 0 0.35617654794437925
45.4552469768368 0 0.26253041668062593
45.2628964470202 0 0.5140623758636957
51.36064129334494 120.24628086034376 0.8560983758877239
52.50363232764673 107.3260509132144 0.4916627555056916
52.0314935947412 110.59524112653571 1.2166234525083883
44.84947571746447 0 0.2673006595623111
46.34594900370397 64.70042974763825 0.598585279380524

62.607450927400855 331.72132784431676 0.3110927543949291
60.431731981301446 442.99051981216246 0.4487957960444149
57.73690644073278 123.36825294246016 0.5733018645319525
54.159147507633016 210.36603771704875 0.2764004132978499
53.03253238205903 110.98577948850064 0.34736533015466264
55.28567710944451 129.2008834655538 0.28400984685980646
57.9753342108268 452.26635351275075 0.29159485544390407
55.606939471918956 139.44753389108155 1.1728441045301565

47.10302362591351 115.86390424323761 0.7902522437753312

55.487341217463374 112.36761212300162 0.43964273558093936
56.83759078923726 121.67343258865934 0.5563950436202454
53.43093738716047 104.20758140246197 0.19488589594076444
57.02942615704897 141.69772367929104 0.4104044454458027
57.14742374479512 138.16493076354743 0.6398426324190005
51.30375555552101 100.16191776621987 0.48741418111628576
50.00433561414907 111.41580741427808 0.23925127027765924

52.81223463883791 76.44687928462506 0.4084806706138231
56.871838737977534 127.3733502694836 0.4231823099634795
58.42959037236623 141.97726479872816 0.323916596955943
54.660974673591866 119.37561567680397 0.3169637459057171
53.54437414868452 117.00177360781473 0.4592802657933035
54.20883117907668 112.32887175489789 0.8337759594600733
47.77342896175739 0 0.4099761033045084
41.82900414975622 0 0.29495123551708957
41.335699770232445 0 0.34431997647952883
51.01914878904351 195.99249070468179 0.7299158540476043
53.59127124724451 121.17064383769568 0.32218205314666193
53.775093015044014 130.15490999267058 0.3174160768231751
59.53842428681771 145.70405002769704 0.3875664072105991

65.42205124164038 179.82405012879755 0.30985479760865076
58.84565941526584 172.44026835604993 0.9301195329082397
59.29681883894579 161.87922809415224 0.7093607635792409
63.09608051574776 144.97227722653025 0.4712219640685049
61.065211969834806 143.73101579770716 0.33829156804289795
60.68340643153582 149.5801351903224 0.21687369656888222
59.73943751368398 156.10782743130758 0.2281634968844699
59.90352187383286 152.5368262233559 0.5947559270817635
51.64486700577106 107.92062433612483 0.2053029550523746

59.962105974273314 764.4420627213033 0.8292798265256423
52.38265818326264 125.32336501521087 0.4583983928490625
54.89013727403246 113.77744598559259 0.47161707603852676
51.83673657732986 112.79545757255028 0.3109764464082545
54.201865966400625 125.40170706986855 0.5848748978719272
51.546575107973744 106.20545418787925 0.6412961272748916
54.267153326457965 127.27841497636867 0.8941511013385508
42.9530842385603 0 0.30679448025008327
56.06237338449832 130.53519742924536 0.751274465508672
52.370238316600684 116.56641846108924 0.7544508033158763
41.97526401374908 0 0.4406697892933593
57.552952839433935 151.8933388305337 0.5626231832831508
60.62853620510756 333.31121616675574 0.2383120780640411
62.763991881967996 296.5123052585882 0.3339261984859192
57.762566241933705 158.1005650193718 0.4462479868937379
47.3944156377866 1861.6407086167628 0.22471325454326063
51.781402981112855 70.2503039846674 0.2993305311623402
54.262875511694226 642.417403544119 0.17360171499201726

52.87036585442734 163.7566584846272 0.22756037119687278
51.67190397577263 0 0.31130119007512036
48.28563249391351 65.14779829919496 0.46212461417675854

55.480039719985534 92.99735066638165 0.2961382402171253
53.00792415870992 93.82118148193615 0.2833800718847854

49.814525150823236 91.37461417708056 0.5679477219632219

64.19230049391346 260.9663634908064 1.1216228492174949
54.112142622248555 191.92621121682333 0.4391225620618897
52.40583260789144 0 0.44122693961812587

55.06373511702624 77.31517233719626 0.40996033978336044
47.47691472656895 0 0.6963928015021068

60.192634406503885 132.83218779614813 1.1788633134033688
53.41245958954668 115.03495090043273 0.5541761837589405
51.1072927945117 114.36769478387764 0.19237247272995717
52.24079403306021 90.15351293774245 0.2647429697159893
48.34860218667696 104.58343414556974 0.38684821161731264
47.08929435475804 102.79175045365568 0.756481735122776
49.728607883203345 51.8697825201321 0.24339643283904877
49.93956465537422 94.41241217504621 0.5069508695296605
52.4986372671947 118.81335025086014 0.3748860791662665
52.16140738001475 1787.879145493823 0.2987050772176403
50.955394964434554 122.22043724222291 0.3062428965095947
47.11105849958719 115.95115031308862 0.24620549453420892

48.31416491591558 118.46042426715545 0.24369926263538133
50.72667552613928 108.13355238252244 0.3991602753778025
52.39031792735113 0 0.345293262083068
53.82100835732902 131.00468190057032 0.5140154879673204
50.33560032207919 132.18534996552134 0.6718622297431978
45.98530928202438 0 0.4884656207321427
46.6206752345982 118.37678029541115 0.4107070316984931

55.98734742946016 129.95128444268397 0.6670540323706433
53.52568805266178 100.56249822489487 0.7033473619817414
50.041858824788626 52.919240494915925 0.2556864930453884
47.249479574683896 50.691805518825674 0.6657307735738698
43.56750781791242 0 0.44396540255311834
42.60056186219024 0 0.22247257770730755
41.293752024050406 0 0.21886588407930674
46.87133564946462 117.69138072368278 0.568416348962586
54.01894031625517 417.89698638799894 0.305785907312611
53.29816379174811 113.46846369176015 0.6311618880431524
51.27875197936044 101.35547007880598 0.17187659299877112
51.33694251716667 107.4474528744044 0.22464004848559682
50.53101645150718 134.18909460167782 0.8934649429345853
54.707794060834054 136.81452705150102 0.5602490828675286
55.26438688901123 115.41145914700499 0.5298357118460189
50.06265917267078 0 0.3030912084301036
47.830235334686314 51.180085361840995 0.15296354338290996
47.86346791612945 51.33354416334868 0.5339121903898985

58.8327008523393 254.7812702006923 0.62712723051132
60.736221429815174 304.16911232143417 0.46474207803991874
58.787513513359876 379.72766453311317 0.32744939233096204
59.15584076608492 168.5492859134826 0.3513053883246471
53.8638766507791 128.30840558109094 0.5042943802246072
52.53729171220902 143.3001418263145 0.48811298083947463
63.04676112643742 175.11439279957642 0.49423264602222616
60.40061713327846 149.98949656443781 0.6837265618423771
57.7685456259059 251.40838540021375 0.4087916050504816
57.80774115107565 130.01538310956354 0.3436502388072995
59.62476146236102 151.02943396853388 0.33092208418717917
55.95510820940296 213.58535255922874 0.49801939308609633
53.356446897957674 86.52484678611275 0.39183733414675714
55.78103186217053 66.50307180549712 0.27925840407198166
56.53401431813198 358.38140473241936 0.5102743868439745
48.812995756612004 53.53281313983706 0.3558426067303202

47.242021107304886 136.03261710173305 0.50541303545522
50.837722702746944 129.9143752232116 0.3674574819407894
47.058420289540216 109.21779851086879 0.8665301894369861
46.956128413764056 119.79420312435361 0.8141162373125894
50.80407765165273 0 0.12372775476893594
48.72485297229423 120.4591381074531 0.6944982078602351

50.05425052587914 96.4889945201898 0.7128736153153739
49.4711887130439 53.606521375288956 0.2899623682349102
49.209958543641186 128.30261310705185 0.2910965408654249
49.846164067818854 122.19638982836334 0.479744733835588

57.64706368929598 281.86492523051294 0.6371164340362299
53.61569043540642 116.77190928930908 0.6315114524346086
52.07523664971289 108.1338107750961 0.3467609465449186
55.141070785170946 139.0570465250796 0.44021826372662076
48.9851950209562 0 0.30105124991688115
46.837485498451315 0 0.38253335203521033
48.44810315954734 96.10121005159914 0.5761582501006188
47.08800824428232 118.46355558136862 0.9073957729642643
46.179739548189154 0 0.3304775849054522
55.53921320864435 141.02341920756356 0.6022907839312381
49.264686746838734 135.18423092246184 0.40416389633594463
49.76315546255699 121.99181901716273 0.45931431642405585
51.492083740319295 55.73583398054076 0.3375517374007586
49.062797715939105 0 0.35506076468247727
45.90025654838662 69.81232823189514 0.3242703880252975

44.60866824475541 144.77074683559158 0.5795183121018965

44.24670281472343 0 0.29872120025065385
45.979907485550235 0 0.8427542629803781

49.202683433101065 0 0.3747749512626086

54.20228539559204 147.1547023577848 0.5795183121019107

57.95182168627209 746.3197595263906 0.48959364116645077
51.75856537312332 0 0.43738788217102353
45.13560810464875 0 0.3598809515318635
46.08315351744316 64.38316877173781 0.4706718864384811
46.89411340593281 788.0015735397329 0.8063951407188199

44.14634439927358 0 0.28791023491297096
47.438742863584096 428.13830857695865 0.46008221117502046
48.03610236594986 0 0.34718849131590446
44.28832279559041 0 0.5329949743646978
40.992941414989204 0 0.2427217967236004
40.74793847233281 0 0.21772910503992193
41.25814497479286 0 0.45954405373151985
41.869923554040206 0 0.2023822257204415
42.082973116086684 0 0.44557820406282644

50.866745968983246 117.02823659403522 0.5991467931869181
51.60299965029842 118.33921794878574 0.5926736287806023
47.053691288635115 0 0.27718258874320156
47.237918178772 0 0.28691963292192213
54.58184093505392 133.39122777162203 0.4715518246595565
53.71159386665974 124.65142480625488 0.6838913946472474
49.8178518833562 105.26120828613075 0.2973681102434398
49.217629939002954 0 0.22516420625976252
48.76158521405962 53.82729137314864 0.5606914302205581
51.979081310137815 0 0.3919315122922171
51.44782629080088 76.96324309986335 0.5559960176966428
49.76982946651649 718.0560166047284 0.3334023652586495
45.422237012378275 81.80790519659993 0.8085762512797174
41.69670653712161 0 0.3194021619482612
47.49726136050819 633.0804841387314 0.47174093848501286
50.476586757074706 55.45672735524631 0.2717536592998613

48.5083052215956 108.806895019967 0.9847705554195159
44.24174775438719 0 0.6308562540767184

59.83694930119467 151.70449185935635 0.4079780881238264
62.302823713663415 147.66817108723416 0.5577334421206786
63.63660284918789 133.25817116520648 0.3617109460579542
61.70581519984823 131.175409088326 0.18585893880774051
58.58903407560319 124.57330454328115 0.7792507377994582
55.33116857147616 132.5268754414898 0.67976366968864
57.09891839489143 141.26956097420896 0.4057542563205061
54.56238812724181 110.57017474795659 0.21846520359434862
55.2771772861695 111.54710709535247 0.45204726209345836
49.294737612342985 74.33837999644527 0.4845621161022393

49.89332412615516 124.09270979563179 0.9303628373577908
48.9830341024797 94.65380425500273 0.8599718812541255
41.08328850012049 0 0.19962881116083508
47.95691932199613 102.80391898315551 1.0195559047253369

51.5595658853004 116.35484992635055 0.7024464389114087

47.41378546069247 107.55074124952581 0.5524039903153266
48.68723044343578 115.52838290377224 0.6276897465231173
52.1036677707371 104.62388536869878 0.3408231064165079
50.1888287672217 399.986459102894 0.38073763819073747
48.91104013781968 54.99224131436023 0.48793751042339295
47.43509230296628 103.06877242323544 0.4988460822840466
44.783875617479886 0 0.4179193069156213
41.635931927696994 0 0.40716206387364196

65.09774584652483 194.76405105806697 0.8621474360278398
57.103207828870545 192.56267233003717 0.2306863938286483
55.864889317012285 178.98105888144957 0.15035200527131565
64.42683015689265 188.62823311083628 0.44026575970951853
66.77732274369818 213.8413540979461 0.21315379022345837

54.16860884731345 118.8574424505868 0.6221149299790909
42.58912958055754 0 0.4315547283880221

49.3696395666354 120.50090884120384 0.9658638535031798

57.56127717300241 132.83235194874413 0.5326250483623483
52.271837027605834 107.96885172868937 0.6988318486846481
46.87706561302939 53.31027332355284 0.1788990266662438
49.758688862627984 106.65462582953197 0.5042236271695231
48.327011321408676 51.33445770750352 0.4472632261601177
46.5978728707335 0 0.2761567893271035
46.02520085049423 0 0.19397012424917648
49.23022418713483 86.73431341575086 0.4825268153530544
49.0312799828677 107.28025906696055 0.7070093567955951

52.14772110438927 93.24760283806974 0.8216233546062881
49.95710778863457 132.79115064420276 0.5990818715989974
47.54164128024484 84.04494120767009 0.8927393468833031

53.123488390432996 118.58943575676925 0.6399497442804716
53.670044105759544 92.83476805995662 0.3513556720312181
53.9237067610113 116.44638370657881 0.44609404133206
49.59824769159585 102.669746761962 1.0796761352564488
48.7699164330877 111.24631905141642 0.47335826500287226
52.350168390506106 112.48177673833143 0.26381689813405274
53.46202471289141 117.31695355556212 0.28841539026572605
52.56997303427552 101.68884321048782 0.4290027723118328
46.05659171277411 115.75897432801253 0.4537436465271867

45.0032203997551 95.09582136695117 0.6334900971431523
41.34392117432196 0 0.31656139208450895
44.52426473833449 0 0.5917490103890657
42.954070205133455 0 1.0045678414371366

55.913960750880634 169.00664478587737 0.5970794730747002

58.484975754114174 155.01500789615605 0.7551299218297629

57.227826293773674 127.23514815299313 0.5790264701618924
53.35217436544084 0 0.22107211742473964
50.44855294752343 193.87933653055072 0.45077157655876476
49.40536622720811 81.5130590467635 0.46028520223407554
50.89407367476564 607.6001287331402 0.39618395035475373

60.7395964054101 858.4583630135575 0.4913455037297467
55.223262620048494 109.87541810500792 0.4619928794188297
56.589927370304515 150.42930961690382 0.4728688732855346
53.62957216661005 120.28888713238263 0.8284294194463655
46.526253381902016 0 0.6253937236562877

53.04382816918297 120.27880765722833 0.6643720502195265
53.06366714579869 111.45419557073154 0.16633447702469084
50.94078289172044 108.14970657964376 0.4820794976410241
50.770527688666924 187.32713156259237 0.8662672918604812
48.25935114380103 0 0.3574873363523068

48.25500639559443 114.02679335998421 0.6197088479756872
47.328829084641775 0 0.3463560103000418
46.19435191754001 0 0.24658981372141398
45.3604507320938 125.90763918802753 0.5218035156232759
42.10912476703821 0 0.13574143367702618

54.087565717221054 130.98936853695434 0.28620715995182877
58.05723308822824 141.93625690810157 0.5077146944181834
47.32670693919992 115.25210030670101 0.40023709177938827

55.2245144333813 126.60755230831812 0.5949869670896248
50.47491987983037 0 0.15831733177836327
50.5625957932328 104.34120980577748 0.43896182070292866
46.64592144391112 0 0.3441390002654714
47.46340236282203 115.37826510556026 0.5500627731980217
48.417945183715375 54.70339832566634 0.6457022915802781
46.94349945233885 0 0.3258928351313557
47.89284640769506 0 0.23146896187492416
51.47689218680924 82.0225010746266 0.33302227655119054
52.00516177638595 111.37596401305247 0.324561762769747
45.6667691422545 56.87530536319392 0.6459798869169902
41.87886423540951 0 0.1843517219546129
47.610005572477114 1111.7039307655534 0.4394508589194004
52.639213688560034 114.4496996210559 0.4696558471937635
52.40819474385772 96.33282084079312 0.4112565535428985

52.68544831029497 134.58718800924677 1.502721745600212
50.6872766455377 110.60994588721205 0.5515412209421129
51.71312787189619 121.12642154379911 0.5177813243166725
45.36862536085733 1850.6048869515482 0.7645762939701797

59.727378729003334 130.47050772389306 0.31865076150111804
58.175658608428336 128.47455712695825 0.4226988568274521
53.76672829958184 110.98001777959152 0.3647234048508494
56.72651778885763 113.36800993306886 0.4685422295885644
56.210850876564265 117.70868383494641 0.7787620008948295
46.35068523762708 78.7578309105561 0.49752139476245816

54.0159829926211 467.3766039583532 0.7115820917979363
59.524468719540586 185.63200594241988 0.42182424778292216
65.49633897921153 181.22881222209105 0.28453876071148443
66.26355669819115 158.93856447821358 0.35453352666851856
66.91435137514559 158.29401463012712 0.26791237054800376

55.2071597497705 206.13460157483019 0.5595339257348257
58.78639784075889 143.75604713499376 0.48786533965045464
57.37774461663503 137.88029795903344 0.3751130228739896
52.158325285195765 90.78883065683804 0.5112337826356281
50.68318128013187 130.95690470498002 0.4752648279020093
56.51754155523665 145.2082669844225 0.44774170774456934
58.31329108467693 137.15714338869628 0.5359770860736148
55.793507479264015 126.1814672339437 0.7734517300458208
53.114116536481134 112.7819197653633 0.41267117536202136
49.391108954540925 271.4060405793479 0.8525921481553382
48.02628867259322 78.72498906445908 0.6926121212664498

62.73507317660991 177.67583378791198 0.5453422350530275
54.72168849352051 138.9962147974111 0.37811284148691016
53.972727174297205 178.19249495058222 0.6433104233435927
59.29626391864899 142.3151785314971 0.9796028411703048

55.65809289231508 127.80220423437797 0.6146406340474755

52.10382480680946 143.72525742934894 1.381601495266807
49.332770304266056 125.7412700494983 0.9364953611072338
54.85032082721662 118.04714774366596 0.48697905220814164
50.96751921625673 111.66511159985052 0.388798603993763
49.17669922740835 107.0448338506958 0.44775614791220164
49.33661696443632 114.37040093972075 0.5904211726177664
50.22548416860945 57.472375967261634 0.5403434388382777
50.57239832784144 683.3477922400457 0.7152438730088306

53.736186979988894 125.07885753890851 0.23400876147428562
57.71768337150024 137.41143843971034 0.2420949502867984
55.52449269375839 263.77383639688617 0.4721989807692921

60.442984911898066 146.38139569682966 0.6333699753829762
64.89911144357173 149.06039612876063 0.3297107803271615
61.55158626981947 130.1630233038175 0.4003358826621195
57.71710919206147 136.90169114798516 0.31794308215646083
54.399024740835564 355.05387023963925 0.3484750281960203
52.56303991240601 65.84736519817746 0.37690590474846886
55.68385670397184 273.951558562263 0.27003049046527394
57.68206534276058 116.79088035253021 0.26538000060193667
58.023546185188756 535.9344245064791 0.4473483174437263
60.070873894857456 292.79105562597124 0.45677527185375766
67.00427809357966 143.84001271756583 0.2785013137190333
65.92914116621192 357.98697921229933 0.46852761045261104
60.921833856254594 143.5924967218951 0.3229219502900378
57.321482014071975 116.4121874821375 0.8080070815663589
46.69378574119534 0 0.2573147918084544
51.729639389382115 121.04692347241918 0.49515102099368846
52.0510415599251 115.19351320582665 0.22894878666190266
51.925494651625115 118.3529277818366 0.19418048329487192
52.46861139362999 120.59117440430724 0.8261317114151439

47.31630678366721 95.08882937128172 0.43735658453570636
42.30123700130242 0 0.23491679196430937
47.81182022801305 606.1912412544415 0.667385363823513
47.448565301940874 0 0.19177189060246747
48.042652187760936 70.82168203672137 0.8825951214634529
46.288986854308384 0 0.7499662658358375
43.618195249282245 0 0.4536071421684369

52.259088675016365 55.73860383138072 0.6322017950202508

50.251303636107494 145.67820902914684 0.3687843804284512

54.528943343740586 124.70838655285752 0.5330159565995132
55.77567184454444 115.77442131466951 0.5382148627404035

45.1952383986178 136.5632503098463 0.5268348291835991

43.597373697024935 0 0.5243501150758334
47.97468075989577 285.37241454016413 0.8515413557351508
58.535955601392686 115.88576250968266 0.32603079142023716
54.69827110589259 130.7986324001691 0.3813850504243419
48.24407560531145 0 0.650087050987679
41.93242360765476 0 0.199319518811933

53.11039123865887 67.962593125516 0.4579538678115114
57.35176497894464 116.12684712475784 0.2611079068643676
49.93070468219357 110.52728292483863 0.7269155102308105
42.22707729491752 0 0.2780998582035181
49.74781893014284 102.35789040627833 0.45133154119167784
51.6436285582379 0 0.36477247460533135
53.53580849168524 55.86001854722194 0.30897482714931357
55.09836292636254 95.04424453899917 0.5050257597454788

59.51165711275264 138.28005125095245 0.6845889224332495
54.153289791291726 115.78499914835315 0.28150271884084077
52.729299563723686 126.68621676207927 0.649535168222144

55.807986945307235 143.0721052248646 0.32402362684172203
58.72782245542287 127.25885894552228 0.6714287995828272
57.68871037301817 149.36582680323784 0.295308884014446
56.797427148894286 108.56818265664639 0.2563367254946911
57.72717629161884 215.78780258715955 0.22657922231763905

60.99236007353112 136.36465883866597 0.3686627281088022
57.58753047225759 164.18320922691856 0.6674457692855071

47.75649541996834 91.57623126297702 0.6120418002554402
50.950103503886204 111.73715112584344 0.8472339970253415
53.47919105372771 64.60462260173338 0.46001947092986484
49.52108429379233 60.7555062554273 0.3625525041438209

43.055822786136034 0 0.8253745615376147

46.90514272033175 0 0.215204895274951
48.311406484247925 0 0.3116299312384285

45.72989243456693 56.051376932140776 1.1191201206478922
40.927817671617255 0 0.1599767130757641
43.04873186878192 0 0.63435220231014
43.99330961547549 0 0.5093624352541042
42.893977522745274 0 0.7095497778154254
41.70842738727972 0 0.13401467527961586

