3.252738082331082 3.8712500646689714 4.304432949900828 4.9989188259988415 
6.4215737849906 7.067152604750268 7.984316191372321 
8.967741205848292 
9.424331391140706
9.694923078842967 
11.339885466170443 12.08701551192472 12.98935830755902 13.482346583218627 13.863076816104108 13.972001565532223 14.387679930922737 
17.409017781007105 17.813197039194293 18.1358758766145 
21.5195935286023 21.826808539444414 22.109483284503973 22.560463534561606 22.93241444863724 23.2124705585594 23.647769995136915 23.915321995798486 24.157723955668473 24.433142826443905 24.58861318999812 25.581052258606803 26.08266909090526 26.674703083035652 26.839132658761667 27.43142690061956 
29.951436977344187 
32.07647832447331 32.44502837353889 32.94700613132573 33.23871779404078 
35.849665582035044 36.20104348143209 36.72256829066253 37.08982632133286 37.907721943063216 38.90786087702889 39.55757198992583 40.402213400542315 40.833273968390316 41.01078265413017 
43.36904932697772 
45.69339198240942 45.85310828894321 46.0933525062078 46.364564788611034 46.980215319802795 
48.53084290851215 48.82757941409987 49.125969687732535 50.739149471068906 
51.653455841315036 52.14245406772078 52.375305781545975 52.75439553695682 
53.95506543999967 54.135298305334395 54.97454362709934 55.3009011601551 55.85867806313916 56.284567429846206 56.78502394358645 57.14935987912506 57.77446461095107 
68.85771422468201 
70.23940789477555 
72.75489234581295 
75.7915630081302 76.1894559452321 
80.87328959095109 
81.87376636125005 
83.16009363734872 
84.28920313525755 
85.26109485497655 
85.66128556309613 
86.24411818807286 87.11912314267461 
87.51980376110586 87.68523428481642 87.99284464416877 88.4139286539961 88.96211334833185 89.62056590507508 89.8878313691265 90.35778644390014 90.58623387920274 90.92245319087505 91.4640508308301 
93.00202532863305 93.5798722174483 94.0999785718155 94.5960053309556 95.02583852356781 95.52586147678866 96.15716583103335 
101.32977156958248 
103.55708602433151 103.9427951567366 104.74943389087413 104.93022836626443 105.59024458655057 105.85170100334429 106.12359473266109 106.38083629458394 106.6355447986124 106.9602068844069 107.25605757689965 107.58134013549977 108.47577186295237 109.43290498345901 
110.42649938134636 110.92270919094709 111.31634644638515 111.50323149404643 111.94854766698381 112.2348016761381 113.00507147334213 
114.8224377011629 115.38513801808529 
117.49334593971365 118.40699732830713 119.41563014986113 
119.85418752801267 120.2947422417719 120.65394803008682 121.30370225998799 121.66406712510906 122.43818546303731 122.86776865040373 123.5530362258716 
126.98624308928215 127.6353050680885 127.93490046741908 128.01688343451337 128.59344241392589 128.97499181701141 129.48817929455723 129.84140162190798 130.10301948906462 130.50888641558936 130.65616740431685 131.30417316929 131.58823905878697 132.16028626722567 
133.2033584544556 134.1495306350777 
135.59878412466605 136.06472902393574 
137.22242357242453 
138.85177145548286 
141.0150231721497 141.331636814724 141.7163854423258 142.19856505602996 142.80813673547885 
144.00733935489168 
145.09586782581363 145.38296841591205 145.77068467160686 146.06179323473904 146.34520940751779 146.68351819513188 147.06298415122893 147.5456669123625 
149.16517321161945 149.6763865753157 150.0388670322554 150.35111091639067 150.6275401168518 150.89343207352124 151.4368952375726 152.5821790794861 152.78035001488993 153.57514408975698 153.96957672411713 154.60351267686804 155.04134862206377 156.1394822660141 156.34947605728962 156.7334202017055 
157.2654909105832 158.16091977556084 158.73216325841457 159.08082459963296 159.35307879397865 159.75351379567147 160.38978814800356 160.77176557675668 161.36512170888247 161.9360390956877 162.3931831509343 162.8310807532553 
163.85669303067394 164.5381899043506 165.13780569626385 165.52582269599438 166.4591226239143 
167.323598060246 167.8888316858402 168.21178248084746 168.65490042286706 169.3447176647108 169.64651542327513 169.9617587193264 170.2981930518599 170.7298059378843 171.1150610839708 171.7515774405138 172.36807642875067 172.82432599796357 173.27348208831216 173.52629946446157 173.80937350454957 174.16244138766737 174.3415561308225 174.9267549496933 175.67346231450034 176.29884161829625 
177.48296434781943 177.85191890652055 178.45456263744265 178.78588712477188 179.9106548560852 180.46971225854853 181.0413382963794 182.04191563737845 182.79106843731816 183.2221405578668 183.5329346973544 183.81670992082854 
184.89494895114322 
185.9932553719785 186.3739584943316 186.8437373037631 
187.90688840387648 188.4922242360539 189.26821255976094 189.84919346392354 190.4065893657948 191.0314472137288 
191.7398637411474 192.04547656383983 192.37059017758844 192.99309602996277 193.52299464603496 193.69614307153668 194.10214202804374 194.51025928714625 194.72611209594635 195.1362982361922 195.53102153070552 196.00848703050377 196.26251146986343 
197.19053897076654 197.68817028220434 198.28496934865768 198.8819961126837 199.24196815903105 199.54423163502344 200.12084548903422 200.30468690633774 200.63794610417975 201.0267498396927 201.55035567224022 201.86464833452257 202.3760352072052 202.82452963098348 203.07479845531242 
206.09460449280894 206.8496481272245 207.35422343523064 207.83857321065852 
211.54241041109543 212.05850504483993 212.69833634021418 213.00657584478398 213.56131649597955 
221.17570505923973 221.52115198403436 222.07601757239044 223.00189683793374 
224.02891769980374 224.5225915982704 224.72075505924326 224.90379698618278 225.15109448125574 225.83742943036953 226.01081665556327 226.5797906332008 227.0179077272207 227.39857669905194 228.01472470843026 228.1937992784625 228.56168917573802 
229.4517402626051 229.87521716841493 230.2363315296949 230.47919576331168 230.93663110998085 231.15291366441735 231.58169361950186 232.0541212417229 232.5463867875547 233.07554798497742 233.4154774792662 233.92277949918562 234.67525463795027 
235.5042211047694 
239.18627863970832 239.88437276859426 240.1216502844527 240.55446222736649 240.95074599957664 241.2327089542161 241.8813361197895 242.22799792765795 243.02379393667016 243.6296462396185 
244.6949622495891 
246.1264411570518 246.8711281107879 247.57812883620537 247.84169690040846 248.14492831091096 248.48387848403064 248.74005950477542 248.96718321282867 249.29590548748263 249.60714921572372 249.7885996551507 250.38813442375388 250.78132840761256 251.08930864676458 251.48181400124102 
252.12164734171324 253.428532948918 253.70736631359784 254.34267025535607 254.57422869370725 255.0985369098996 255.55615484545837 
255.93888968786297 256.940381516634 257.31698905367745 257.92973465389684 258.28514326395094 258.9291908138949 
265.3381016864069 265.7083849914133 266.127790889206 266.3844915731014 266.6060655715967 267.36690244911375 267.8181410074458 268.1286244925843 268.59553857856116 268.98539549505205 
269.4106719712105 270.00028297717853 270.41808123906094 270.6274569883693 271.45502163183943 271.71746820986937 271.94752213098434 272.319937611711 272.89412099702275 
276.8469317879032 
278.3619394686416 
279.5053414918404 
280.311783956018 280.50105994725885 281.05220684349706 281.4812644709741 
283.2265938243968 283.50115219698665 283.9395788208515 
284.1982133058369 284.7197015310567 285.4985039494775 285.82555137411055 286.50151520267974 286.9804563385063 287.6658467872191 288.2356571088533 288.89825375385385 289.62585609012194 289.931863198377 
290.7894147157761 
294.43767152328974 295.0628797774816 
303.0125026022721 303.2823885802004 303.66165155139316 
304.06309562786254 304.62022837750226 304.8915518390686 305.29099943445146 
306.67678720200485 307.12044267156955 
308.52012875461753 309.1638547224369 309.79502223176587 310.18817929536215 310.35968696529403 311.0912622687618 
312.99572262144545 
315.8914700194335 316.14841948592965 316.65607245382637 316.8858878291167 317.44061591647073 317.61012952601084 317.9843912579224 318.33659510125767 318.78440006069604 318.95281782546715 319.32170874784043 319.5272569906002 320.12769274114794 
321.3139723402167 
322.09477883145775 322.8003949703751 
325.25395238060906 325.80366177122187 326.070253071223 
332.17316133720277 
335.64316791074606 335.89550121052196 336.19899590776475 336.7157156501772 337.23612836911417 337.5757358677422 
