1.5198953561034712 1.8195537212072797 2.250297112827399 2.6506744776472457 3.12379423301463 3.558903626230457 
3.835702417855498 4.27891122611465 
4.654211056870522 5.023239573337986 5.2811286504083 5.6435977498118355 5.969847066893169 6.86040188911407 
8.142366640127388 
10.159838461833917 10.565806854371743 
22.072121050676614 22.216347682501652 23.03758701802703 23.257156964600217 24.247287050234338 24.952627249684078 26.05540529783994 26.422489939710974 26.49140370417246 26.993140792512026 27.427774465165367 27.655052113240256 27.923601912966102 28.221273719813855 28.621958627675703 29.043570708677763 29.403217030403827 
30.20874871826229 30.456886688770936 
30.796691000427877 31.264700093519057 
31.676743956347284 31.93873886155412 32.92205925730997 33.266634179768886 33.6647569199843 33.86224440126613 34.433566646961715 35.41690027251507 36.287192131735615 
36.849352617427215 37.22271183279285 37.67764093518499 38.06595519496405 38.37100201721929 38.947145670378646 40.00726763956952 40.66964279486963 41.10272398600383 41.5538798192095 41.88945006924337 42.30948567623398 42.726899946659785 43.085580264344664 43.442651028627736 43.90704950297362 44.4401249242232 44.75291565331427 44.82760796866092 45.22715803395045 
45.623506937629806 46.106222096835 46.6284751879972 47.108786230105586 47.279836591461255 47.749079826182026 47.99439356376533 48.63722423243234 48.94632368611305 49.315828710863414 49.500728513397 49.845743369792956 
50.28087531909302 50.75465537792563 51.615389563026675 52.14979421305208 52.579336650376284 52.92529496756847 53.466576602313246 53.94870525096661 54.539572655845106 54.88497949804992 55.55645875034977 56.152031342147176 56.42276092550187 57.73157816385091 58.108712184333925 
59.78069206179911 60.31899295117969 60.68951125284876 61.36479874272971 62.11265688612894 
65.18794085291071 
66.64242503512267 67.08824033551558 67.4606327941081 67.6305817495445 68.08950053572887 68.54571641981985 68.82183910564345 69.14202139523344 69.78974887057815 70.03396295552794 
73.58006516980261 73.99080169668333 74.46940124665542 74.99148696453352 75.59537271751772 75.82167735877816 76.07864464825602 76.68392409758869 77.44204552626272 77.76107058643896 78.0102714356849 78.50468619299681 79.04712435733119 79.5950102185935 
80.00763632334501 80.40987895800654 80.71831644466778 81.16292588106346 81.54780867701061 81.93247071606115 82.94091698583475 83.44529476187665 
84.10822858859929 
86.18722453995605 86.52851245385335 87.01486818626411 87.24536773645609 87.89338226076107 88.61611518382016 89.14832696068604 89.52613581963846 89.80324060304574 90.22039544187601 90.37910979215506 90.69082869056419 90.99930267027068 91.37977170200523 
93.03179200126505 93.34348091234125 94.14347238694697 94.49864394466208 94.98555812917374 95.50139108870752 95.8630485015222 96.80423093481772 97.5817695896718 97.89274723772736 98.45965907609586 98.76395510403894 99.35956852366937 99.60294403537418 100.40799080421588 100.63243569291065 101.14253333617347 102.13001006234644 102.77822043211164 103.71502774888626 104.16647864371251 104.70369773285908 105.08722237739883 105.32393060294261 106.0208207667485 106.90528770311342 107.06912248524279 
107.85056920262113 108.31561871099426 108.55120147633953 109.02009053724262 109.77435346290201 110.1107908031531 110.37783105331899 111.26789176354829 
112.62010115845275 
112.96789203668864 113.66670805428124 113.9957646071634 114.44695743115642 115.0248852059355 115.36775406459459 115.65425032135504 115.85887532860484 116.34532950003278 116.55912358476112 116.950345920858 117.41368854253265 117.67184032712616 117.82716716074462 118.41856518280738 119.0573632153472 
119.74643090901608 
120.6410164474474 121.07072177847893 121.5678125343845 121.74389995496492 122.44855998979546 123.3174698649439 123.87769533495997 124.74894886296947 125.4534117827929 125.74252451390599 126.33448495860392 127.28654246946137 127.63469939353831 127.82555559286149 128.26125058578245 128.46957866742505 129.19697879089043 
130.83016676135944 
132.0642362857113 132.48713028096668 132.7293786066013 133.26749627782954 133.56257788333238 134.0878715110552 134.23968113608214 134.7832384493755 135.10714464572794 135.65587192809366 
136.60716374077748 137.34887442650685 137.5906578199733 138.36160883680336 138.6386261871524 
150.93512462677438 151.31208951217718 
156.35254674607063 156.94617147504414 157.287508631734 157.60947154548043 157.95585404642335 158.50305052231423 159.10818228548573 159.68182809995434 159.9842955634611 160.35440023201426 160.75052876073175 161.51900012290307 162.16170222771365 
163.10516834878942 
171.03112097024746 171.3310817677866 171.8048603983171 
173.51762629847323 173.8583196239762 174.31195040472713 174.81864417982632 175.07239931508954 175.53331353581171 175.74143627679874 176.2017313122529 176.44037244570208 177.17288093086444 
177.63074263002136 178.18904686030052 178.68488855327195 179.2172731978227 179.68764583715623 180.5270626766664 
182.26016579374132 182.65236690749222 183.25746212474837 183.48972295225087 183.96088000827723 184.21204322615256 184.52437685399306 184.9117503298241 185.3226851054463 185.53436633288518 186.3155368865455 186.76523611356552 186.93510446669802 187.15870148529822 187.568723235122 187.91736666936285 188.25909378003942 188.41743967806065 188.78660994912022 189.42375324648037 189.70174551487835 189.9710859686963 190.78002490986265 
201.64633591091163 201.85644388157644 202.2216763568721 
204.1951270872816 
204.57619561093972 205.417914852701 205.6862949449025 206.21798269656617 206.8325620937367 207.42282356317293 207.6851643224201 208.26057515511982 208.563369269527 208.85503303483063 209.28876790380932 209.5020503059563 209.94837950722948 210.20582652979132 210.53165903145342 210.9349137770962 211.64105933974253 
212.36090359774403 212.83986219876354 213.21598841910333 213.44787319992153 214.24169465124643 214.4226648749205 215.1574609914053 215.49639716174676 215.8545052055379 216.11673124363708 216.51692619512966 216.80351333682168 217.22784807248377 217.82586497698682 218.01851039337717 218.43722863621042 
219.978706481349 220.60084576583478 221.29740542959567 221.6947300999425 222.26642217435233 222.71450343376483 222.99068073670554 223.47923074773428 223.6830999394935 223.91773808108002 224.46773671426902 
225.02969386539814 
225.49345307789324 226.2132736632545 227.27148071601405 227.75161421072934 228.65127312529646 229.1943495071486 229.78513949447245 230.24733387106895 230.77042753845058 231.55727185883788 
232.34213088455576 232.739310291875 233.01048603311762 233.62116943692456 233.901698634694 234.48765858110187 234.75761690678308 235.36118861170337 235.911627154811 236.41417328968444 236.98281210135582 
239.21306755618835 239.35323151570003 
242.683908109854 242.87720312045957 243.7597401138831 244.58645748559002 
246.10411325124227 246.30189925472212 247.00601682621607 247.42074174636284 247.89002454985274 248.305819062021 248.54791277440867 248.95435176188053 249.22947413573223 249.579161961242 249.80561929817515 250.44933497827682 250.5576933917035 251.26662314797161 251.79568419359487 252.13867509063053 252.56264561539643 252.90915493239623 253.69185732814586 254.18643083912528 254.57165395166604 254.9788684482827 255.85611937589334 256.3468529364241 
257.5432051755122 
261.19117304705014 262.0849044713315 262.74835784389563 263.1375180518194 263.4116356035072 263.6412976601584 263.8316840123629 264.43250520799705 264.98287079861194 265.4746598150617 265.9444476261405 266.3439652040812 266.6280967476232 266.80754584196785 267.1796035356757 267.3923304278308 268.10985019269236 
268.90152012858914 269.4363930130819 270.58371885786244 271.48797134368976 272.17665562661733 272.50022561650036 272.865965353277 273.26945571766623 273.8248276774562 274.1829359630432 274.55917430875957 274.78610308359197 275.1871924405076 275.6732264219738 276.13257340249186 276.7987082903263 277.1011646107582 
279.4761037578146 
284.0771279326842 
289.26427690003305 289.86251838732557 290.48066561914237 290.9361670007581 291.32765011382423 291.57525317453377 291.821041910818 292.310646847689 292.72695814394683 293.58251950882874 293.9657133661722 
295.7055730271052 296.25957903682007 296.592653468751 296.9215586434475 297.34135844845446 297.4930877852036 297.80989755754285 298.36820358329896 298.6403085138141 298.95920084832477 299.2014627467518 299.63331373362547 300.0070024563294 300.3675146254399 300.8961353937664 
301.6512653155961 
302.33556147686227 302.66981265201764 
304.2741074452005 304.5809396507776 305.1295987680102 305.4597764772723 305.8999764063928 306.21114255567926 306.6272735262437 306.93564886716143 307.41734910709846 307.9560506900287 308.57456766844086 308.8410601239507 309.47079769729856 
311.6132593359783 
312.54322488434826 313.10502872541053 313.58846699030653 313.8519882824379 314.0682402346625 314.3835688884737 314.75037128810254 315.59668310394443 
316.4175933233028 317.06317804450043 317.74881771333224 
318.5566311180803 
319.13614943018223 
319.90035425811794 320.63373523133777 321.032754815243 
321.7352012541544 
322.8323424052156 323.2839233631497 324.2002161857431 324.94642769397103 325.37082877062284 325.5596681327634 325.9100144099429 326.54876042992777 
327.321032374033 327.7429193688258 
329.0222114637624 329.6617453662187 330.4403938412498 330.949560710932 331.60565160731846 332.5326870657449 333.03758887141555 333.2040107966416 333.77724557005376 334.3075916822271 334.63044272056226 335.5227967083578 335.8625322900294 336.1521408131761 336.67319040932784 337.0981410892908 337.65441928946575 338.3946394617698 
341.7310873460263 342.20234484669515 342.7322461957084 
344.13713906500027 
