48.65818900779507 95.34520607304826 0.29503598739124537
46.44978783707554 0 0.3371658076290207

51.755797283003865 115.19916883838016 0.8956192096120441

53.587225678093326 129.19258060296838 0.332040706502692
50.43419272742559 100.20324363342192 0.48831934610267425
42.274752727133595 0 0.07525915700667873

56.43194879735315 122.62128530551917 0.6963153699308222
51.080054534623976 121.43105047495764 0.2776192434863045
50.82249820356995 112.72130292579656 0.41312048081701924
46.067836710007846 50.821175849093734 0.6466329683137442
41.76436086267259 0 0.31957479996283666
49.892252696633996 108.36413566024022 0.8571198057592913
51.72302477217079 107.20228661677629 0.3259465553066896
51.3296051657352 0 0.3292543455074881
48.94051649479807 0 0.2915169611740094
47.3921503726634 0 0.4465139935601634
43.936784754585815 0 0.14712005593259825
48.056979857732614 92.62379798667907 0.6742973976970355

53.28126225056223 118.98687262125519 0.6629809388200627
51.041139569128624 112.7930566303209 0.338473813125411
53.50305355497227 109.37173215561519 0.3213081394149562
50.256931774242375 92.82795048759616 0.542807480480473
43.15003151830349 0 0.5178482508492017
42.09114107119978 0 0.2291209261905678
43.186021403105975 0 0.7689529523570116
50.408558755578014 110.82131218602424 0.7221767099529508
52.044698238691424 119.10296360054222 0.37444957466359696
50.66474252225585 121.45496896744638 0.20156409282136067
51.200695437383196 57.841152108632166 0.49980186986830333
51.51224690880529 69.16224926960409 0.6296324545093981
51.64907773993461 123.04903378057077 0.5263901633772399
54.384257444670084 120.95100357996114 0.8527739569905997
50.21042487961802 56.344700255295955 0.2773830115250888
49.82569441614571 106.24778941339204 0.513536979954015
51.97434788442985 126.5182574279408 0.3938250319726855
52.32202855703587 113.2154164278317 0.4611404110802404
48.58045096470306 106.34595225200124 0.3597229727756357
48.60500965206242 110.14199923289166 0.7281662188948275

58.708171287551046 118.58728596574814 0.5824517544366152
52.14730775642343 0 0.21532232558611142
53.024815095901666 106.24605554238565 0.2392768554368594
58.063877424082555 273.37706960253746 0.6430641301662519
52.77661950219443 110.59360526393917 0.36740747916007876
49.46205607950716 104.92313356393453 0.49884579626792913

57.83396105497821 120.74623017211071 0.39046758820651206
53.93674779755013 117.93992473129433 0.16403341505208147
53.35882786637066 124.68464058362461 0.29682154698905805
51.360388829112935 114.51695713665035 0.19797733096855552
53.247546161978015 138.66124111401157 0.4533174434511835
52.24413002355599 498.5668148680266 0.2558286461333097
56.81743727687486 114.06720467561108 0.4736013241639583
61.672957152036425 138.12451529502925 0.4402036190160601
68.39015264173037 142.62838117558726 0.6994919927940302

62.53183050829526 138.6495151861176 1.0185473364215412

66.91143501000765 146.06147798935 0.4171044915829043
63.96831244574564 139.8994393490549 1.0043942091647153
58.237350971335594 136.39684303612856 0.42242320139482814

60.106331282658104 136.54929984522204 0.25989783232401464
59.22782939311064 130.61510662799077 0.29409631412928405
56.63097635303027 231.89286323202822 0.6888752228635795
52.81368634299258 114.87072150866206 0.619466973916424
50.23802405135573 123.29017870374355 0.26008411120477604
51.767160925129176 123.12484773374644 0.5465672614780885
50.13521495245894 0 0.36029440605374674
49.283512555356346 0 0.3612767431914392
50.64153161779135 108.12315742662433 0.5559191096518887
50.98400912288853 523.1329647360223 0.7142546059952295
47.8673434787802 50.21601285123406 0.3474958252159226
52.170748733661284 208.28154409944128 0.5534170309421214
51.15268130715027 111.11638398113108 0.36978323488173004
50.1208333260721 85.0582509131431 0.5836904430714256
48.877238347777855 216.09974614753557 0.8778206032913047
50.54426896924048 580.1891377302343 1.2822738023448963

51.960783846163196 112.809993495997 0.6842415047895258
57.26334990857441 128.97781581613955 0.6693458796302423
49.82569777149594 103.75161873801409 0.5519798419619946
47.19880194817566 0 0.6253970239008595
50.264623716845 106.42197898627481 0.41055072112577307
50.577196160302364 91.78867131581892 0.6237142000392453
57.70832827141774 145.50496261253437 0.5819381995355855
63.07833576101607 139.86907432772753 0.3660509990225904

55.01714170184988 114.98981272043567 0.47924152808532483
55.295950311500825 98.02385555332205 0.48340411075535883
54.437562593109185 88.63776573406913 0.3780755133809208
53.382598763590295 95.2805233884813 0.33527876179741156
52.0566329015082 99.05933239270259 0.29801106820873713
53.446580699524326 134.36882894317574 0.6601631636900294

52.30204461549274 113.5158547793865 0.3752188877348601
51.197115815090115 113.68258567679595 0.33135845273650943
50.72373234355301 112.70268383492943 0.5497210998751569
51.19258070534909 115.35627055609854 0.44993759115074283
49.816225318062905 90.17458995847612 0.36000774666509017
44.22336636094959 0 0.8530411955296273
43.8250896672963 97.58578802871516 0.6681809791474365
47.52289796736502 0 0.22449468207003065
51.31534493495444 124.28901109024636 0.5669158664091754
61.63465028938051 158.82446800958766 1.0164406663585055
51.86114001605506 0 0.26796752469817875
50.841186534247335 52.651444894990654 0.1498778575049613
59.90425263680517 138.83113072522042 1.1369563810652892
55.84870805961241 620.4224305863658 0.26733549818892755
54.93264109793933 97.0671189844454 0.6323845257005161

46.683461431080715 0 0.23998229483562739
58.958257851526156 147.6299205652739 0.43973888980694653
62.73578042050381 597.8256828592321 0.3254381900986516
55.855208410932626 651.6956699045455 0.6982732396189419

51.83351875803347 1798.008573656596 0.30100897986999087
53.999194790872714 182.0275623190904 0.36257768941402446
52.94001410449821 99.57091103886415 0.577079130445739
49.44470127651849 161.2977483450506 0.4276444926848342

45.520090785575576 109.92303504897367 0.7387435346658009
47.93069865764785 144.11207336192962 1.0409651367640578
52.23942973460025 124.70426239942545 0.8159314033942025
44.45091836646837 0 0.5302465783317132

50.903469717663974 119.76678346742916 0.6861982136890816
51.562889883546525 123.42580470639766 0.49662163938928927

48.840617345282475 63.319073700166264 0.3101599208178385
49.1492060473584 66.187907290159 0.1901471507943029
53.63366441715583 105.79887323545388 0.32506749410876523

49.200535338962936 553.827907096849 0.3863455414012691

52.1294448899251 85.71598092484277 0.2828503658678869
55.39425333400638 136.85143558305185 0.46771343212979843
49.49373192493457 107.90436554690069 0.5680765190002859
46.91438679819727 76.94405124510226 0.2600882172529424
47.83077051802407 125.50756581721615 0.964948512685865
41.598792294403935 0 0.2485475477360808

47.91872422885137 119.04924784703981 0.7024464389114087

54.19539261507045 132.18811109370944 0.4806180892416876
51.72037918366266 121.57773882406067 0.25035884912905715
51.18327703271843 84.36769180133237 0.3555169298526266
48.29307524570974 114.37351314301819 0.37948055157067984

51.58707652307636 106.17799098246803 0.3169055720674123
50.29572530377653 714.6041732095133 0.548069378917603
46.48921845061376 0 0.398030434711643
50.90679290690588 121.571894473391 0.41674169282376283
50.7250114482126 105.94985133208905 0.32734880090316665
58.57822724573469 148.9376733581522 0.6180918825288586
61.06648177410599 146.38279315823843 0.4774893010837076
53.42139441085169 92.70867407750919 0.39199397054811413

47.17417712783385 86.96863742732859 0.6619809544410344
41.63167618573419 0 0.23699576950568257
43.09678952725632 0 0.4279144406954032
48.598253607356554 105.37818088630867 0.7007546912874432
49.99015346527274 112.95331222220643 0.4727644787307099
47.57720436096492 108.61246435166585 0.6390395474269752

53.72392016579845 111.80654938232607 0.7551299218297629

45.66439889933581 0 0.35122321945570434

51.98799924196704 123.65903743162355 0.28734471620748536
49.651064938285266 473.75391645266757 0.7001560689557778
43.60208008295852 0 0.11727941233488082
52.44666309781251 140.39001262430529 0.4171438249533992
55.89336557686719 169.6127075937413 0.4083188479976343
52.84806906646586 82.2264735826061 0.4678554488123723
45.96012487738651 128.00925548499 0.5521767241663724

46.46210305951297 137.9537880721339 0.6673241169658297

53.8573646071614 130.40613818310635 0.6740111791451113
54.195679731077234 122.46934937563697 0.14621259022271715
54.25417720830227 115.11801640783636 0.3374790464602313
51.509403570859725 124.52725796483207 0.25365210257299964
51.67416741679774 126.31658190990092 0.24711382331821596
52.07150712921227 127.06312782479168 0.2816568486399831

51.383262227191295 131.32312252834254 0.11267690468181968
51.387527660499586 53.209786638238775 0.17935477561948687
52.260998169731174 151.23029956088988 0.4253566410395706
48.777375122955306 87.75981517990552 0.3731068772777917
47.55482926451972 120.42367645040407 0.2207844653197526
47.49314838533491 111.70077924141087 0.409516317156033
45.989923734312235 0 0.16713208370975963
46.45722005021431 1617.1797006625275 0.29165755439106533
49.630561755621045 112.60513976268234 0.48361457577331635
49.47035224117277 114.59404369047988 0.2469711970544779
45.510807852626954 0 0.4966938366972613

47.98746078560528 109.73662720236868 1.018547336421534

45.72651388629339 50.28936106595318 0.37454944282978886
45.82881426720681 0 0.591314410673391

51.85247308770451 121.24644817789365 0.6836549299219712
52.57761350782018 153.43715961900446 0.5360374397550913
49.22986411551375 89.89697527498993 0.33657698523813906
47.77775197099575 59.319849387500184 0.4888297981468952
47.85764628435924 56.24178734393047 0.7052457885523893
48.34755876253858 119.74393269863958 0.5638317617370205
49.43134306154222 127.58707056436549 0.5283356670475143
47.40120816525044 129.46555744377585 0.5126555508517185

51.686365466959664 149.00135565101758 0.5616737571102988
56.2282322207542 139.04555241375246 0.27690803476772885
54.23948811419596 132.0463686463093 0.3058697923050886
49.80740208597811 112.33082137166805 0.30900912571661365
49.96795705884419 115.1666582170463 0.7416844116984294

50.938218125076666 134.1873364954095 0.6847414558193634
42.04472604054308 0 0.2882563592634426
56.1280143321748 149.1907690435261 0.5603345705652885
55.77785771240181 138.45863016988682 1.21854239404351
50.47569648888669 111.06769093697612 0.35954697834080207
51.06857737322083 98.78758843319363 0.3902297579899141
49.65684677645684 1911.409746909787 0.29162114527002814
51.725699995136246 105.98045583392378 0.5994652470986353
50.19579062523597 0 0.2997895321408066
49.265361914189825 97.56914829583172 0.7797777239902644
54.998967980981334 494.59142112379806 0.5110898878380112
58.80325366947459 107.58258334766742 0.3055247919820374
55.96596537822108 105.34344287560208 0.4011665267371143
49.03875545254627 106.49333423844074 0.664366142151664
45.292453150509786 0 0.2673783919646837
49.40475709336645 92.67833326029367 0.3885967505089809
47.06441620954157 0 0.3887822734033364
54.31286354233178 126.94407450245002 0.630023569596915
53.304078629630546 68.29798832896591 0.4708990584244077

53.8721790974223 129.4530500168564 0.544395990156346

49.76566293219609 0 0.15066103873945735
47.940485188639876 135.42963159728242 0.7800804928181435

49.219138538400166 107.08005923665436 0.3181635564400267
52.293195933560796 673.5934378471598 0.4156778843299662
50.96320458400706 95.5577456770165 0.41683632948956983
46.02843503719925 0 0.45102744907643455

52.57399028646546 123.23398235650575 0.5392059771229754
48.712162483868326 1745.7111520760127 0.6160097577650561
45.62727803659461 0 0.3335383303958679
50.682162659583774 534.2556200197748 0.32238203260379805
52.53133700027261 737.7345312939011 0.15479524265393252
55.60725883296297 136.45879594932853 0.5101923566210758

53.56584288478654 128.60791807163955 0.6271759018712828
47.82962295483474 0 0.3485091080128484
46.19004786355583 0 0.36026364088186824
45.533314072377166 760.0663846626953 0.6870190474116669
44.047389612226375 0 0.5035248649703874
48.93022737213417 0 0.3629858254357714
46.3807737814543 57.64966076467838 0.44286455685036685
47.25379325523154 0 0.7385969446888794
46.66874486362473 84.55113323687698 0.4514453856187117
45.38582312721926 61.3973735954573 0.7403770864458465
47.70630139802238 111.03495072901158 0.4393348812865554
48.00533961560221 0 0.35443266067400714
47.347730043614476 0 0.24142866248899963
47.908747273478994 0 0.3457969487524508
44.20043736253637 0 0.4917267941447392
42.04186183928949 0 0.2815785206997816
41.51611254246926 0 0.3601572115873921
41.15689529506903 0 0.28561293656065345
41.287887656647825 0 0.28943640409073623
41.29058025876969 0 0.29898377619178973
41.39809173732142 0 0.21608844233392688
44.60478509327414 0 1.01346912669635

43.15073683798245 0 0.5378220529568125
42.623683017386966 0 0.1295020640090172

46.775418230652775 112.05976409757304 0.733896164114384
46.756590864151164 55.101181062331996 0.7569553146222461
47.064889518832 59.082700707086005 0.47003815673571125
41.52038354166818 0 0.2891479080392685
48.70088937684707 119.4432903415444 0.4919027789709105
50.57564861233272 91.57431895763082 0.40314492156142023
50.51069566677931 99.06049030929907 0.4019984038580162
49.24457390116762 62.19700093548697 0.1745996017486675
49.7741095985288 62.72229481692236 0.2722981300396725
48.89326872860543 78.61102915600684 0.42693204682990427
47.515859252306946 70.10278103973624 0.5729277376740924
45.78906178432533 59.75832513342646 0.5911607222176656

46.944008027996055 126.4195351828032 0.6146406340474755

48.330723081177055 122.8891689866796 0.43902902431963753

52.11863620136921 107.52573075398465 0.43187362633767634
51.2070912546114 110.53785646203629 0.30143098012842984
50.715421504441444 469.2089921884577 0.4959766616288732

50.55794359299508 151.76644563144424 0.40390670237405857

48.471313692962944 52.79422729104187 0.5833410329796038
49.409430754475586 129.42615677411112 1.1055856208581645
41.553209636650905 0 0.28797378324969714
41.941714356309404 0 0.26624444642277467
44.32040854859535 0 0.49545655177519166
48.455791586253575 111.17255085450113 0.5521941626491014
49.76793054990782 0 0.23829571020093
48.75106250502389 103.92598303702114 0.381246307596939
46.26218360191576 0 0.24086625787330718
47.18170745081138 0 0.3137996321811727
44.7517633020839 71.60268054428627 0.5166966639485793

51.51934818820629 100.37360797744424 0.8289341213028649
50.446249129102235 77.76620190424393 0.5415957738571251
52.27283953453563 115.82225765050748 0.41916892362277736
53.90008837171362 124.42013617130053 0.50083973850505
52.288209645196254 113.22039881874196 0.32754507949323397
51.511115348191105 122.89901005279195 0.5826784828074381
49.60135597797716 406.11236179998843 0.4189906148171758
48.2344133483263 50.213483291772455 0.4516037724996522
47.349169446021676 0 0.1806095908133898
53.12237072842742 118.17622815808332 0.6607629946473708
53.053619611023485 124.67586014898143 0.4786654758174791
53.67666772279116 119.87697049484592 0.32206869234519786
52.23603730568961 53.280774022793366 0.15593261199242647
52.32074914792992 89.24144538672579 0.4440404142619627
49.978081080013645 0 0.31179413684978385
50.09301246882382 105.01226120893163 0.4500689597900589
49.0173801198811 88.05058131138206 0.6164891226569296

62.938988327855306 146.27113817732547 0.24936621090517974
63.76201352483128 163.45722362925136 0.6111306767612916

64.21522336936197 134.19810172093824 0.3505206734043895
59.046861080782925 125.47417038369595 0.4626636149018566
55.62949971686999 123.18382507412227 0.31993441276011936
62.161686427864545 140.1908148953522 0.552902518755161
62.61428271825538 137.18241490544452 0.23149818442934134
58.735673788022716 120.69198732492345 0.5586042929118378

48.28845872203493 0 0.7093514140203467
51.961738014021336 110.7384356956926 0.9174867670055278
57.00249553554104 102.76869955279227 0.4980622966811268

48.3859231780461 129.2449128585312 0.43902902431963753

47.52528843366731 115.43226287362332 0.42146786334683384

45.970196191801364 0 0.7024464389114087

46.60094944577717 95.64716818518775 0.6764035480765926
41.94357902957607 0 0.4954245367189287
49.666868171216514 110.57343999154509 0.6330252511517927
48.13830626527578 111.17964867012155 0.638552201569297
48.414831113719046 313.23357087519446 0.42195856632042705
49.54677236583172 91.73208228049303 0.5804599414327925
48.88820328398384 58.46236410484093 0.36494788582456295

55.835422761342 117.41923408462868 0.5830832113632596
55.371198152036 125.6704768597953 0.29228779437960384
56.19625403810025 114.37999238330869 0.36707620874199165
55.324062994928255 107.65122277170182 0.42506589547249973
53.31282361545454 101.0073895860066 0.6654756473340058
47.157168485406395 115.08475470187632 0.6172862861365331

49.012393728844124 721.4349162796661 0.5619571511290928

43.98606590412157 0 0.5790627829543951

46.20352376967255 0 0.3863455414012833

51.855877316996576 94.80454404469161 0.5294986318193651
45.6833282798735 162.538213975379 0.2958759339015842

50.55794359299508 151.76644563144424 0.32488147799654143

50.0790649664097 223.6898760480058 0.6848852779386334

57.18293974280803 99.52079919400723 0.3603659597816886
58.277622433053516 119.16560699794788 0.609743871197054
51.62812314114081 93.74607376499577 0.3534192340460436

53.89400548818698 128.71917849787232 0.7331122279996976
42.26305342426991 0 0.2164954904853289
47.91541818160718 57.845373354177084 0.4727370675815905
55.213831006091056 137.21561679939913 0.6336189758984574
52.235345689831426 115.97577860284483 0.5770976489829423
49.49973082412138 112.27503538422118 0.46572318312405514
49.65455733667628 112.19385454905719 0.46653315730162603
50.38824110702269 123.40666024360314 0.28892722128983905
49.77241027531994 111.7775022460287 0.32937795329547725
48.77091755602381 102.42169361209406 0.30087150989555767
47.08868148379043 111.0324267826597 0.6825218903093742
47.91981270583072 94.15089414739876 0.5863148865716426
46.26889145336748 0 0.4222616436092608
46.214726784331376 101.1925611624049 0.2952659315678261
46.41419754539105 0 0.4360616280881686
46.75779767540975 54.839810238480794 0.6075164115412122
47.711684828577546 645.1523095423664 1.1783378539865907

48.171572595387765 113.21665775075735 0.5970794730747002

52.776023869561136 242.9652427661592 0.40390670237405857

48.4294825556232 0 0.50658077932178
46.96038037241349 58.06641650762408 0.8226084711914155
45.53573686394587 151.37413366065476 0.688744096223104
45.19929285786297 0 0.6558716607226529
42.636411973722666 0 0.1399137390323517
47.48670103423855 115.97168328463259 0.5062251966370468
48.21698587155792 0 0.5961949538026943

48.98863357304346 114.55411574917161 0.30198429601517773
52.36234988899219 104.81616447759306 0.518768586719375
49.56893742490751 291.56494309161343 0.40419449601637325
46.74490522464665 0 0.2610303147293962
50.35259123933917 110.49649240675325 0.598130915745628

60.697896192482965 137.6508785263352 0.5267068786286018
54.4078629715729 118.19821215772396 0.38659797817655317
51.37515909599234 124.22531476136312 0.3373454720261293
49.18400651414494 53.58340919442152 0.6986385391478507

47.27122457987028 0 0.26232432071850553
49.41109817957079 113.34197234772185 0.2503135164415653
54.89416413235594 346.83686076531 0.47172598548462474
51.00430558662261 131.4281604419652 0.16008190250170173
53.409372393492276 115.59622129711143 0.595973908765302
53.45715997759937 158.13471851121878 0.2828831063678763
56.61702810738385 179.99883226450393 0.2520919166412341
53.690830290511165 122.48027971786738 0.5541351612333756
48.09401707738982 104.48830254193291 0.31791354050307064
48.70094590691097 0 0.4609382805529094
54.43191798641578 129.0820791022165 0.5146017472069389
52.450755927096615 121.46481822260587 0.21871030509032607
53.00297896837273 121.7140382061475 0.4154899983711857
51.50405142860408 116.93720909075822 0.1947912537775096
50.5969908654885 110.03924128502973 0.26104838251853835
52.98900129991634 653.8975845516504 0.4520175519496661
54.676860879956784 155.1331377471661 0.5692113236558498
61.034499060405395 241.40491848660025 0.563107722570976
61.785462272170186 141.03381166737242 0.6150029358526012
52.01775676732014 109.3485546707618 0.3740260943906719
47.9411958501888 0 0.5635603908314124

50.55349036972297 133.8802732627897 0.3669496908215706
46.94048253170096 127.4731487551539 0.5637918407360303

52.76609787198837 119.64428385344716 0.49336078136036576
47.4600730626697 106.67436769267879 0.5010983819817625
51.058097360952274 124.58187541928551 0.6420207663374526
52.462750805246195 120.80059587959285 0.27504577357910875
50.80386178017402 57.041840469726864 0.29169685800155776
50.21961297432949 112.86279888661669 0.21572887371826255
48.640867081115985 113.1088374713435 0.323834600158591
46.57881577695635 0 0.3933083619082822
44.30476080338571 0 0.14883935455100072
56.58568715448485 142.14743791919668 0.6098522928500643
56.75861515216814 127.07314405456877 0.7802354258347464
50.64209544311448 115.7013278189655 0.3059149724474537
58.95747654025342 130.60643806545366 0.530771871304978
56.693242644578675 121.97491651021977 0.5109610540810081
52.733829564031225 118.08486376792973 0.23820614917059402
50.33407691392917 112.27848281602019 0.41156556635121433
43.970714818992946 0 0.18771463876589678
47.196268855793996 0 0.3754065240167961
55.96855765358485 136.94961984737031 0.4274842669010468
56.302255293961274 146.05311279113033 0.1897174769518415
52.612747633835 125.2237565175179 0.5918617389394285
42.18514573005512 0 0.2262293763938601
44.36429365952574 63.3886712285842 0.47914682306480927
48.21852106149389 95.65022667294664 0.7203481870757287
46.360899272127355 870.3278944143634 0.47585353793260765

61.879728248076624 146.97542512078266 0.44843120686624616
62.744505744147745 142.2549281232357 0.5339219626259251
58.58489307617606 133.14051048893754 0.2995527489198935
56.92354974478462 110.19819607631332 0.280477277028524
54.75324463363047 103.1416218852867 0.24344294492129848
55.004779215266986 283.29763207876704 0.6031882827653021

61.16773404612403 270.42587001144733 0.27181332394258106
56.2670326200786 441.9874555572322 0.984243045171695
47.24098237917521 0 0.26807745221032064
46.285101338487685 0 0.2580684224420793
54.0195942131705 162.7250837162544 0.735499837655766
56.21524709611085 126.6158028502704 0.834459184277307
49.598862385603724 407.8657023454571 0.35308763729625525
47.8735619755041 55.80395619236036 0.65142570691944
46.44030942445844 0 0.4907432402687846
43.212490081306456 0 0.2629286647057256

54.29616531648876 130.10260844732232 0.9654568204650218

55.61733648471531 126.5611207708998 0.7246544509667388
51.034767571222424 87.66765550920245 0.6933943003683112
48.766610625468736 100.06997665938692 0.17856666015450173
48.34157489339515 110.21004076635018 0.27975866294542584
45.27046197427431 106.39549514184596 0.7501690837135584
41.92883688200736 0 0.2745277574914553
46.56160104206116 130.4304435035028 0.6559098012832578
53.24544429714612 110.90450249472462 0.5497758041959173
51.77263160436196 98.28011244792907 0.1773883811351311
50.682685826811465 100.98047910789904 0.5328438820772021
50.88960322162707 102.25204356618003 0.589196660059315
47.56499098856271 55.02639702536988 0.3044725061925533
48.989096605241244 86.04419323276511 0.5312532586463021

64.69878381630272 230.37187302379934 0.7551299215101039

67.66488420253386 182.7462809047766 0.22525478562710077
63.0986899944722 156.6738708268485 0.23026706503452488
60.802061742912066 144.30475017857347 0.19936523800737405
56.60862914328668 170.0507656274888 0.4529239980228681
51.19749008343212 158.48044204924324 0.36896870418490835
49.52401634278058 86.2804751929872 0.575651908039049
44.403041432978284 0 0.2832027094758587

45.88703636557029 98.80971873427285 0.9158920974824696
42.057150138048584 0 0.5130474923575434
43.10779244791233 0 0.44207284616555853
44.45238504849749 0 0.5180868916567647
41.829007538788545 0 0.19169740526069745
44.793064837383895 90.53753587353859 0.566184647275918
48.65349770660893 69.80471991901058 0.5527544410551286
45.50507429596429 1627.8982422316722 0.5993794091317568
43.52628260231938 0 0.6008051234131244
48.25812395827628 1637.3442435801842 0.4786801171708248
47.19017700872709 1177.9527012385317 0.5885669187722442
44.84207356535352 0 0.6110408567390095
42.90971114387028 0 0.15895394551381514

51.79755186402391 874.2179386699806 0.7375687605447752

59.10615644636916 105.95697048112065 0.5747116983008027
58.15735106683333 364.1938326111142 0.23860643067109777
57.226408637536736 121.72720619486685 0.8595856318627284
51.47549548319402 470.72644579020596 0.5613223519344501
46.490590733609025 50.19941061204426 0.5892411913090996
47.98675994360037 0 0.5790574315388426
46.3724160051321 0 0.4559703462143716
45.80026623613586 0 0.5142339985409876

49.01556717860243 107.93344119927175 0.32468840275430466
48.62577532573596 0 0.33274123533141164
45.18323492943792 0 0.5359837433746293
45.16269160309956 0 0.3430075420742469
47.023475164336254 0 0.5182349094114898

