1.902918269286764 2.2699347292547913 2.8020336998353423 3.144122112065 3.7263217011724152 4.31403354806022 
6.241674667189017 6.513676673104385 6.787962859179553 7.144242454269439 7.500419002213818 7.762949418894444 8.27701179475814 9.133110170645864 9.624772926151556 10.841396378659944 11.108697038222255 11.707282317602779 
16.2618658850013 16.710661681045714 17.283963545577667 17.560363958875516 17.90772928903018 18.191739135889986 18.48333399133389 19.656178095864046 
20.867898202986222 
21.834375767750718 22.390770811370963 22.585656707311728 22.99606115275753 23.63590378517653 24.123317966292817 24.362569236570476 
25.034467321776077 25.457649631739557 25.7815662286955 26.098529974601217 26.55781024039452 27.391586199854594 27.801562303159102 28.09651353867619 28.44083351515572 29.170749369203325 29.492931422349987 29.81034749917316 30.19791390638376 
30.718502635665832 31.64862216857407 32.35798293215331 32.82920489622182 33.167496464264715 33.3843701608336 33.61253365771807 34.20728958479983 34.412592539852206 
35.2945558492962 35.752954242145265 36.22457131818379 36.535547764592046 37.12042266246397 37.761718789738865 38.655869891077415 38.9626643713275 39.71393883683617 40.46838964015205 40.909059429445406 41.47168261272856 41.7099946907926 42.04392088927852 42.490168876172255 42.714882130715516 43.014212661877856 43.18781437686987 
43.52074171390346 43.83204290397858 44.29416751815534 
44.64298924129082 44.926369313175606 
50.09534121000855 
51.252086381171615 51.691208943233505 52.13243588285163 
52.559957383607774 53.25635018510988 
57.01692538239231 57.57110156615125 57.763474038881206 58.028217008597196 58.41506522021451 59.171546955337284 59.41494338817633 59.92189425770599 60.29678033687226 60.5954854140899 60.901728310599495 61.147933805133704 
61.61992816041529 62.019088435793094 62.36438169787616 62.87839718584348 63.55025941558668 64.03872503631882 64.44943206801732 
66.01210531 66.71545267198174 66.97113916502713 67.636869938601 68.08083534115411 68.30330791886142 68.52217380294073 69.09059015190331 69.39637605921593 70.02753794725908 70.19941454025785 70.42405458874345 71.31751953167803 71.87776861454556 72.40760432639158 72.71069553482168 72.86365907820459 73.39757126859449 
74.09494314299695 74.55968522103687 74.88713461336783 75.23844000169248 75.74273438191709 76.23084736275656 76.72508000877879 77.40880657062117 77.81759817567165 78.16124841447895 78.49217049866613 78.99018989175222 79.38202722589898 79.66128562997096 80.17156001681494 80.52740262354526 
81.24630527193375 81.61376275387454 82.48029294331153 83.29440918062412 83.41813693539305 84.11263514325329 
85.89673957790855 86.18670194614346 86.47779848700888 86.95754322084447 
87.77027126460855 88.40178271704316 88.74854366358808 89.1887619273147 89.48981317723158 89.87234652926679 90.44850477936741 91.35590055233168 91.68637813723713 92.28866892116837 92.69283281750431 93.15214713392837 93.48969887132913 93.8447596360116 94.1690300240369 
95.4509947750502 
96.59265170199456 97.43540596497493 
99.67166397935277 
104.47822307325913 
105.0556225192895 105.49301040146052 105.85289135299239 106.32356323943087 107.12995838014969 
109.45055598251633 109.91063819369136 110.25782668500726 110.79082165937196 111.03354345609556 111.25127256113548 111.710816614867 111.91319884058744 112.35877704465027 
115.31463695373583 115.90731058251643 116.18449317125963 116.47141280418155 116.94296462884111 117.62685602348836 117.9242241337318 118.14938833999156 118.71007977021212 119.10201128250434 119.65800730020098 119.99140966545963 120.79998591673935 121.1193880786876 121.59112901717262 121.86288267647248 
123.77839476344961 124.40925101752633 
127.37982625702348 127.93755969914416 128.2992706452021 128.48512958400985 129.2643803218093 129.94414399149795 130.34989824781846 130.5683634514128 131.02041071350627 131.5049728296085 
132.6811919205853 133.54116380183942 133.74079261300025 134.7603485177256 
138.89130937824322 
140.39201606108895 141.01970580761207 141.36052891402858 141.74126655221932 142.2292040626427 142.72805014492675 143.14596945184238 143.55313151571602 
147.27774819030788 147.50843458413652 147.65878658940784 148.09905234911736 148.31220613934082 
150.5046487524767 150.93620348086472 
153.97428432915655 
155.2093558164303 155.90818766511495 156.0870866917812 156.59131031895072 157.03857354511084 157.31473033443794 157.50870045868712 157.99122727404017 158.69823663083577 
161.51992964836853 162.11901151996753 163.01175086685083 
164.45951401587942 164.81086968791064 165.2569637292427 166.33663986449915 166.80999812950202 167.07381502763607 167.3622304179018 167.79123319021363 168.24497683674082 
169.98599264003457 170.30255403211908 170.89430304250814 171.89887088394528 
176.34498129798752 
177.11767238079008 
185.3437585680101 185.56483068543483 186.0156022619936 186.47588746422767 186.87207141458242 
187.4336615622033 187.89565444162213 188.36852331490766 189.19695273435403 189.82234645801032 
191.39989887881467 191.56623335583936 192.04831285348038 192.91458014534086 193.27206748169317 
195.24398572457332 195.59034173487336 195.83693154859478 196.35873506421805 196.49447649789508 
201.652067162128 202.15978185654618 202.56001894832556 
204.12086976891837 204.27918710069673 204.71814892139966 205.06228792166513 205.61235069486315 206.25805298644343 206.5839458215748 206.8154147834497 207.1484370600009 207.47299882277065 208.11897870968764 208.30333043164225 208.74278129056165 209.21243713775542 209.6236936912983 
211.1615377588441 211.71307897978622 212.2308603041029 212.99543659807307 
213.5248212912476 213.94752014807506 214.3122435529259 214.78078578251447 215.5595477834093 216.05706917817176 
220.4161737396723 220.83799798745522 221.1225367481667 221.47707027483523 221.74498264538323 
226.11528850221245 226.6031538418629 226.9782668647369 227.48950064737252 227.96476547527453 228.4125071830191 228.94848426909272 229.72193599913854 230.13460717450056 230.9871993226559 231.67981144392235 
234.2271260298729 234.6052388713598 235.2485492947034 236.2281521358737 
236.89547625283953 
238.82147373826268 239.75796909936992 240.24494815157806 240.63374675557182 241.08150290348402 241.6719240761018 242.21226751494007 242.9275113879489 
243.61811033471562 243.86020528500242 244.33240426577171 
245.35211978255597 245.68183056288314 246.08216644554525 246.40010952770172 246.74858455589774 247.1254904606462 247.39552095111148 247.66090095171342 248.10824926915714 248.5650245410109 248.84352585472993 249.31205346518254 249.63497541547258 250.44298249703894 250.7002972888474 251.19544830984108 251.424397096503 251.61857757979786 252.444709291213 
252.96987168061264 253.20478847257695 253.87217383640046 254.06394572700293 254.94654084846638 255.69650711430222 256.15011425647066 
258.8057162253448 
260.3335372299771 
266.6311125690927 267.1693274318331 
268.5039756657648 
269.8136002328588 270.66514158859394 270.9911723800142 271.3725574304385 272.0226444814262 272.22196400023813 
273.38236430696105 273.6434722138254 274.37038772405623 274.64848758225975 275.0998191234514 275.46459159805676 275.77356642520607 276.27859218495155 
277.5778217414323 277.8593244602731 278.50885962849526 
279.5880131771668 280.2594419767496 280.55475086076405 280.81108758625874 281.0376668085764 
281.52925766349466 282.19670343278017 
282.861428715954 283.70866271297933 284.1686821839092 284.531234688053 
290.15080617086244 
291.26163027121015 291.5732602024486 
293.06116470165585 293.2211414147316 293.85549361704176 294.36485605229586 295.0744058301113 295.2084205053909 
